_idx _idy area_ellipse area_exact dend_flux_226GHz dend_flux_93GHz detected_226GHz detected_93GHz major_fwhm minor_fwhm position_angle radius rejected x_cen y_cen 45GHz_annulus_peak 45GHz_annulus_sum 45GHz_annulus_rms 45GHz_annulus_median 45GHz_annulus_npix 226GHz_ellipse_peak 226GHz_ellipse_sum 226GHz_ellipse_rms 226GHz_ellipse_median 226GHz_ellipse_npix 93GHz_ellipse_peak 93GHz_ellipse_sum 93GHz_ellipse_rms 93GHz_ellipse_median 93GHz_ellipse_npix 45GHz_ellipse_peak 45GHz_ellipse_sum 45GHz_ellipse_rms 45GHz_ellipse_median 45GHz_ellipse_npix
226000 0 1.1618809202257402e-09 2.6881944444442296e-09 0.0216745204246657 "" 1 "" 6.094320796988987e-05 2.4274697197868504e-05 112.36229924061479 1.633359723240518e-05 1 290.93262418373143 14.506971806033004 0.00037126419918766083 0.0026682436749835615 0.00010080498643442834 -6.2748541343859045e-06 3020.0 0.0015268169809132814 0.009767381964347266 0.0003134720337129964 0.0005211505340412259 1683.0 0.00045398008660413325 0.000876846246811382 0.00011636662385565318 0.0001706363254925236 599.0 4.307437778270708e-05 -0.00023899571550686308 3.0668615323881114e-05 -2.634447819225721e-05 149.0
226001 1 1.0975602355192169e-10 3.8541666666663584e-10 0.0034802187833753977 0.0005362579659587778 1 1 1.742323609605898e-05 9.98558206281194e-06 46.79691481339097 5.020132896892872e-06 0 290.9337172713652 14.507031260877737 0.00015238519450764507 0.0005206666064875871 4.056261887726299e-05 4.74811723481502e-06 1836.0 0.0013806633651256561 0.0016824978192142425 0.0002819591015072842 0.0008450960740447044 199.0 0.0004483229131437838 0.00020513552896139723 6.2724831494281e-05 0.00037714975769631565 71.0 9.010523205972268e-05 5.507792475948006e-05 1.882022098486155e-05 5.5817583151085e-05 19.0
226002 2 1.7538711417707271e-09 4.587499999999633e-09 0.038393612445000266 "" 1 "" 6.781863389565283e-05 3.2928060977726355e-05 109.26168814596397 2.0067805045975032e-05 1 290.9327553587353 14.507137042711516 0.00010589292642622036 -0.0035242637685604485 4.282010839853462e-05 -2.0493669418175035e-05 3188.0 0.0009901801822707057 0.016234881935647566 0.00014097527965622095 0.000657289638184011 2517.0 0.0002757096372079104 0.0004393056310549173 8.190877037389437e-05 4.3726871808758005e-05 909.0 6.416155131805685e-05 -0.00031569397786198954 4.5460290601155615e-05 -2.3385695947840386e-05 223.0
226003 3 7.191976547486632e-10 1.7312499999998614e-09 0.013511906477139944 "" 1 "" 4.4457541869094745e-05 2.0597775897929222e-05 91.0934491249093 1.2850652015771551e-05 1 290.93277772962637 14.50725607041403 0.00016447568817505912 -0.000905576552229763 6.350558466996955e-05 -5.579511731041116e-06 2572.0 0.0012411788338795304 0.005855274555869058 0.00020882786616664093 0.0005357953486964107 1035.0 0.00041832998977042735 0.00027726580295668287 0.00013712655178257035 2.0520543330349028e-05 371.0 8.103109622977258e-05 -1.606785120893777e-05 3.281952999527681e-05 -7.1823663682533645e-06 89.0
226004 4 6.642318349839736e-11 2.437499999999805e-10 0.002457044969325158 "" 1 "" 9.774163360346992e-06 8.652818726241408e-06 -159.199138399932 3.905358216142557e-06 0 290.93325403192387 14.507259904782071 0.00014151132104343913 0.0008727713099962301 3.72057770547157e-05 9.575234710634279e-06 1636.0 0.001366203767247498 0.0010711387878651944 0.00015367115624839546 0.0010936392936855555 99.0 0.00019214775238651782 4.364345999566561e-05 2.4884013254895917e-05 0.00015707647253293544 35.0 -1.6716538584077002e-05 -1.0086637120694472e-05 4.001105588895434e-06 -2.2542590060533748e-05 9.0
226005 5 9.91484205102088e-11 3.138888888888638e-10 0.0026684116246301188 "" 1 "" 1.3841942539873498e-05 9.12024007078204e-06 58.85095563494338 4.771379191228111e-06 1 290.932807658191 14.507305716286536 0.00016447568817505912 0.0010749999329371467 4.3759327207701945e-05 1.1349350626571638e-05 1728.0 0.001000589574687183 0.001069609926479467 0.00011535028049146904 0.0007413337007164955 143.0 0.00018785189604386687 5.290835713846409e-05 3.872454723269394e-05 0.00014158956764731556 49.0 3.585475227707977e-05 1.7780387475031452e-06 1.5805755861368526e-05 1.2453126985851402e-06 13.0
226006 6 7.344309669726464e-10 1.9708333333331756e-09 0.014818753612024246 "" 1 "" 3.7607543612767e-05 2.4865289787363725e-05 171.1652565820468 1.2986033604749096e-05 1 290.932922258928 14.507331910711876 0.00010272154421143984 -0.0011116072357996263 3.9663114368750726e-05 -8.708017169130611e-06 2376.0 0.0009028638596646488 0.0067144439709227385 0.00013584431591589605 0.000675705901812762 1061.0 1.1354109119565692e-05 -6.543715003573116e-05 2.2299362292190935e-05 -1.7879303413792513e-05 385.0 9.267215412264235e-05 6.825430127544204e-05 3.768127711083022e-05 9.768760339308039e-06 95.0
226008 7 4.1830022867406705e-10 1.6923611111109756e-09 0.04080231275115293 0.006064568893402501 1 1 2.7666816238763326e-05 2.420324358179808e-05 161.47440763497337 9.800428919597918e-06 0 290.93274645501515 14.507377666950305 0.000140889039251543 0.00042357906077860854 4.809725606523293e-05 2.425512277626877e-06 2092.0 0.005099964328110218 0.023496496856460963 0.0010096446246819222 0.003101794980466366 757.0 0.0023182558361440897 0.0030908904546471812 0.0004456042093230592 0.0014158687554299831 267.0 0.00029539067343620543 0.00041272260038305785 6.793633550164485e-05 9.36412921739713e-05 67.0
226010 8 2.0334249869346097e-10 6.041666666666183e-10 0.008100725186999093 "" 1 "" 2.1381362492260158e-05 1.210905611674917e-05 114.54378330317199 6.83305804779188e-06 1 290.9328069856382 14.507417828103847 0.00029539067343620543 -0.00029896883450181573 5.261437273582462e-05 -7.350439629788641e-06 1940.0 0.0015449989587068558 0.0034140961563555484 0.00021671326122577582 0.0011896571377292275 295.0 0.0005260655307210982 0.00035963416629907695 8.074071347768372e-05 0.0004485979734454304 107.0 5.325658070739464e-05 1.2220424001984078e-05 1.6093129850762785e-05 6.950022482437842e-06 27.0
226011 9 4.5212789390970683e-10 1.103472222222134e-09 0.013494686883875631 "" 1 "" 3.1758979815063384e-05 1.8126429684784056e-05 -158.51899742162823 1.0189002831926142e-05 1 290.93275778920446 14.50743069822004 0.00025125990298434354 0.0008370204608809958 4.5764507861786396e-05 2.9791410264080826e-06 2204.0 0.0011586814653128386 0.005960244359272451 0.00011067602715931939 0.0009319887612946332 657.0 0.0003727494622580707 0.0006043773556659438 2.751652619031134e-05 0.0003188453847542405 237.0 7.727260216131078e-05 3.888580320666905e-05 3.752185415188031e-05 9.24725132994104e-06 61.0
226014 10 4.25203785372504e-10 1.1736111111110173e-09 0.0143567569917603 "" 1 "" 2.4895150256896008e-05 2.1747026451632192e-05 155.25406931412383 9.880970285399793e-06 1 290.93292269019327 14.507540856974256 0.00017764429284383688 0.0009132865944313824 4.5454592503809256e-05 8.807823781780819e-06 2028.0 0.0016108741983771324 0.006493253163070157 0.00025121535870806444 0.001056811073794961 613.0 0.0003070493112318218 0.00036641682455192283 5.7725107138564656e-05 0.00020910899911541492 221.0 4.6149145714265735e-05 3.5244523265832092e-06 2.2797851526950188e-05 3.7623579682327636e-06 55.0
226015 11 3.298161971776379e-10 1.2506944444443443e-09 0.016014219186084328 0.002506022168802473 1 1 2.277125233542488e-05 1.9746486023006418e-05 2.0319426496131157 8.702359536520302e-06 0 290.9334716345111 14.507544303598376 0.00013099962560815656 0.0002161930034270748 4.427357222832077e-05 2.0184339452735555e-06 1968.0 0.0023574368096888065 0.007554845173253898 0.00037660878940691767 0.0014706234214827418 503.0 0.001107182470150292 0.0011350822080178978 0.00019631422759793603 0.0007902646320872009 183.0 8.071255218003998e-05 6.391888654693457e-05 4.4840559625838614e-05 3.953238651102535e-05 47.0
226016 12 6.622498332058825e-10 1.3847222222221114e-09 0.013260489543489512 "" 1 "" 5.1880522635087156e-05 1.6253055843393727e-05 -177.78873204086955 1.2331387948254206e-05 1 290.9327670041711 14.507562011917887 0.0001236183795042712 -0.001694681876978581 5.010270686355129e-05 -1.0171913300632158e-05 2756.0 0.0025749029591679573 0.006313733166381767 0.0004953389905375021 0.0005598709685727954 949.0 0.000340097991283983 0.0002399626715780592 6.974186308337743e-05 6.47931665298529e-05 339.0 0.00014072858665331006 0.0002838376496457842 2.955228909780181e-05 6.597637468038567e-05 83.0
226018 13 5.893127634381983e-10 1.6909722222220869e-09 0.030290604409304093 0.003025525040242662 1 1 3.068486832706688e-05 2.4453391196887886e-05 150.30884211166992 1.1632523961260836e-05 0 290.9328845879428 14.507581170149265 0.00015525450563481005 -0.0008540578813040802 5.5729149423157476e-05 -5.0335211557071115e-06 2192.0 0.003982785157859325 0.017057595396807526 0.0009417076533200374 0.0019957092590630054 847.0 0.0012292552273720503 0.0020022437419125526 0.00021367492498307287 0.0007939801434986293 309.0 0.00012153689423809428 0.00015623273008121585 3.681106367992701e-05 3.367300777221671e-05 77.0
226022 14 5.115944291394789e-10 1.3388888888887818e-09 0.01078859622979431 "" 1 "" 3.825019674718845e-05 1.7029803848309106e-05 102.00546296970725 1.0838369068308702e-05 1 290.9328228358637 14.507651098281494 0.00022956815012193196 -0.00042540313809966943 5.4639524084320344e-05 -3.5696638389256217e-06 2400.0 0.0010204052086919546 0.004261855580889244 0.0001782381860730449 0.0005813041934743524 741.0 0.00016764544125180691 0.0002654094553366798 2.835911229260389e-05 0.0001307721686316654 263.0 3.6074952715982052e-06 -0.0002610733700237054 3.993094317977691e-05 -7.094203670301327e-05 67.0
226024 16 4.1233520532465394e-11 1.2222222222221245e-10 0.0034798608993757644 "" 1 "" 7.956762120979904e-06 6.598292360895585e-06 -146.48410754851523 3.076991102808728e-06 1 290.9329127421085 14.507659413824936 0.001152954922660622 -0.0002647824911346343 0.0001196515273845404 -1.7038279718916082e-05 1568.0 0.00238819164223969 0.0013341838790373397 0.00010421437900696914 0.0022324887104332447 61.0 0.0008813770255073905 0.0001366830402266342 8.640604349083474e-05 0.0007501037325710058 23.0 -8.192141047503672e-05 -4.321683483767611e-05 2.4171057866376553e-05 -0.00012802735806265351 7.0
226026 17 7.291986628634938e-11 1.7152777777776407e-10 0.0024869251815357505 "" 1 "" 1.3237930170183391e-05 7.013637088766856e-06 -155.85466727493917 4.0918901289286856e-06 1 290.9329158540699 14.507692959486176 0.00022956815012193196 -0.0011022699778126526 5.283358578838791e-05 -1.4762307539118692e-05 1708.0 0.0013773934915661812 0.001143471494932203 0.00014572294259656215 0.0010872618295252323 105.0 0.00035578361712396145 9.222922638212762e-05 2.85289712827018e-05 0.00031621247762814164 37.0 4.2245793784162125e-05 1.3304536569816485e-05 1.186572469780794e-05 2.9184873850631037e-05 9.0
226028 18 2.2818244462144063e-11 7.569444444443838e-11 0.0018517506243539586 "" 1 "" 6.734582276301586e-06 4.314088777090257e-06 -139.35903120656172 2.2889807824015016e-06 1 290.93294391751584 14.507714018063128 0.0002094571054290365 -0.0010306818109827181 4.8799350655680956e-05 -1.2623348796378462e-05 1544.0 0.002611898584291339 0.000725807570265295 0.0002422755277341382 0.002262350171804428 33.0 0.0031977735925465822 0.00024150521358928952 0.00027926480127067664 0.0027463682927191257 11.0 0.00018491025850451666 9.646271139276347e-06 0.0 0.00018491025850451666 1.0
226031 19 1.8627854643301287e-10 4.312499999999655e-10 0.0080456064625754 "" 1 "" 3.0024730012707723e-05 7.899529803332866e-06 94.90017480153764 6.540070838205422e-06 1 290.9329346553541 14.507742284340432 0.002478726192730498 0.0006294127178667463 0.00016983621828269325 -1.4520362008417126e-05 2168.0 0.0016555378679186106 0.00353133259312493 0.00011736702441749406 0.0013905457453802228 259.0 0.000751463056076318 0.0004357523420901223 6.23723854976033e-05 0.0006346849841065705 89.0 0.00016551561774761974 0.00012209066017500968 4.157943801651873e-05 8.30718263136889e-05 25.0
226032 20 2.3627142528389215e-10 7.847222222221594e-10 0.00901084912858006 "" 1 "" 2.3371803002581157e-05 1.2871717408008963e-05 64.97152721461651 7.365574604330573e-06 1 290.93287267413507 14.507741879304136 0.001152954922660622 0.0011297097352639953 0.00011406401180634596 -5.429847716801732e-06 1992.0 0.001598034636117518 0.004078528152454392 0.0002886043914349076 0.0012750767637044191 343.0 0.0005028027226217091 0.00038145563758106975 8.235013553086559e-05 0.00039167486829683185 125.0 7.732370068148528e-05 7.665484357139974e-06 3.775632845958583e-05 -9.270009662211428e-06 29.0
226034 21 4.1156186239631213e-10 1.1909722222221269e-09 0.03877038962008681 "" 1 "" 3.773408777527743e-05 1.3887330807159314e-05 89.85055064467188 9.721171256162374e-06 1 290.9329539953935 14.507804870591418 0.001152954922660622 0.0030685320196003722 9.805317220598425e-05 1.3856642005808115e-05 2376.0 0.004339668434113264 0.015990410598685962 0.0008438578357889934 0.002438443945720792 599.0 0.0008569103665649891 0.0011729444485232138 9.162347565224315e-05 0.0007177551160566509 207.0 5.1679369719534425e-05 -6.548995761997962e-05 3.056061363609881e-05 -2.7708502889256004e-05 57.0
226035 22 2.2738351230614102e-10 6.805555555555011e-10 0.013635091084618597 "" 1 "" 3.3555493820755676e-05 8.62805387924504e-06 -154.81350612632718 7.225709834644239e-06 1 290.93283257600604 14.5078051036652 0.0026338902460040143 0.003345146333180161 0.00023024058895823414 -7.512208627024621e-06 2280.0 0.002280899789184332 0.005514367031379016 0.00032493123371321657 0.001744726556353271 325.0 0.00041040810174308717 0.00030133353822483485 3.618569949355334e-05 0.00033049628837034106 113.0 0.0001579433884829399 0.0001222588144478037 2.6372700615580553e-05 8.008886042566439e-05 29.0
226037 23 1.7936030582204406e-10 3.833333333333027e-10 0.005305018646842039 "" 1 "" 2.3897010263101406e-05 9.556531112764667e-06 71.21202831300904 6.41747521500979e-06 1 290.93278381983697 14.507842139072853 0.0002292616420439334 0.0010093171042175274 5.292734260149343e-05 8.395076395796544e-06 2012.0 0.00138686946593225 0.0026061580264720844 0.0001822168266857849 0.001018707756884396 261.0 0.00013438911992125213 5.483818745585396e-05 3.4705994005930104e-05 7.277751137735322e-05 95.0 2.8141678460923775e-05 -2.0753772126105514e-05 1.9486680881930345e-05 -1.270083297690415e-05 27.0
226039 24 1.1491814555992174e-09 3.0041666666664264e-09 0.027924139283966826 "" 1 "" 4.3455197724329195e-05 3.367164943478578e-05 -158.3431765341163 1.6244088119568505e-05 1 290.9330377733821 14.507864656380557 0.002210492036724319 0.00555789345849194 0.00014189676101794392 2.6903487032803528e-05 2548.0 0.0012275588233023882 0.012834752807691592 0.00020743100983690392 0.0008032927289605141 1659.0 0.00021222599025350064 0.0005064893475300642 4.484963565248635e-05 0.00010114290489582345 597.0 0.00016617651526689315 0.00016506781198080513 5.150675400558143e-05 1.3940124982081273e-05 149.0
226040 25 4.4233363681998694e-11 1.3888888888887777e-10 0.020458193759900437 "" 1 "" 8.202733363168047e-06 6.866080388048381e-06 74.88180028896005 3.186955616282558e-06 0 290.93293355473514 14.507847345535108 0.0002094571054290365 0.0004908715815176739 6.174155567576535e-05 -2.09025633353671e-06 1588.0 0.014742456376552582 0.00785365942454694 0.0012625228817498167 0.0128334891051054 63.0 0.008598221465945244 0.0011512596685454642 0.0010856670575359862 0.007017749827355146 21.0 0.0012057601295856401 0.00022996492612094684 0.0002146650631175498 0.0008732913738409556 5.0
226041 26 1.0276186644516004e-10 3.0138888888886477e-10 0.01170143439700155 "" 1 "" 1.5298914866467832e-05 8.55241700059357e-06 173.09820523857573 4.857547141326485e-06 1 290.9328313237277 14.507850471520952 0.001483185865120911 0.0018927210063295727 0.00010342829549816393 1.024152546256383e-05 1760.0 0.003216856624931097 0.004360663649567214 0.00015586653232504795 0.0029930134769529104 149.0 0.0007640292751602829 0.00028235435266388737 6.091866828821409e-05 0.0006690941518172622 53.0 1.9514214977925716e-05 -5.860108108844067e-06 1.4908051784286842e-05 -9.97868147123473e-06 13.0
226042 27 3.595361920494132e-11 1.0277777777776956e-10 0.01213793315035278 "" 1 "" 1.0386578515873041e-05 4.407452274743772e-06 -141.0067153687028 2.873242881226722e-06 1 290.9329218285141 14.507863013970917 0.00019264069913347502 0.0009437624205795851 5.9135467144641534e-05 5.208602357499831e-06 1640.0 0.008830161765217781 0.004317355138844488 0.00013321753576409485 0.008625921793282032 51.0 0.0038438462652266026 0.0005458057571827015 0.00018605711286450664 0.00363589427433908 19.0 0.00010676754045917979 2.1335411098454897e-05 1.3768559175568048e-05 7.956759327340635e-05 5.0
226044 29 9.280246086522615e-10 2.67083333333312e-09 0.024861945267822604 "" 1 "" 4.7834341197391226e-05 2.4702289552351403e-05 51.63095774836023 1.4597577125761402e-05 1 290.9329507975369 14.507976297180798 0.00018758052169285823 -0.0007671237993976199 5.888154449219325e-05 -7.688250840027242e-06 2644.0 0.0013662310084328055 0.011255094024637589 0.00017517589752879625 0.0008680957253091037 1337.0 0.00020103465067222714 0.00029293470631593473 6.379270337287205e-05 6.180029595270753e-05 475.0 0.00011502284381842012 0.00012117244747764305 3.255244445528879e-05 2.3214481199325068e-05 121.0
226045 30 4.301107874663111e-10 1.2590277777776771e-09 0.008968342850641374 "" 1 "" 3.536231726181084e-05 1.548663744458314e-05 119.41097596250911 9.937821680784052e-06 1 290.9329189204031 14.508185745149174 0.00025707137194632557 0.0005161147753566471 5.544588868359256e-05 -6.223199748422226e-07 2320.0 0.0008523057913407683 0.0035728003764189846 0.00013986699726474335 0.0006136863958090544 615.0 5.827962013427168e-05 -0.00016435585229794268 4.569208552158377e-05 -9.832786599872634e-05 217.0 0.00020106355570702689 1.1870369657443746e-05 5.7469594120437724e-05 -2.5260463032570224e-06 55.0
226046 31 1.2068124443577496e-09 3.043055555555312e-09 0.021674605092967696 "" 1 "" 5.525483611406176e-05 2.7809104054973152e-05 102.06905934791304 1.6646422841858153e-05 1 290.9327268786135 14.508263923935434 0.00017190920181190493 -0.001187741864808471 5.6176946842274004e-05 -1.0690637776632651e-05 2852.0 0.000861501379404217 0.009353448859900065 0.00012965415202597608 0.0005543818697333336 1737.0 6.663560634478927e-05 -0.00018340117977320926 4.4195776285250944e-05 -4.4379092287272215e-05 629.0 0.00013019503849525288 0.0001527006575203094 4.2530713823549214e-05 1.3020619586269827e-05 159.0
226047 32 1.244655185857347e-09 3.469444444444167e-09 0.02663212446152379 "" 1 "" 5.020952516132882e-05 3.156315813008488e-05 84.67975870682571 1.6905404186431755e-05 1 290.93306983673693 14.508308430324826 0.0001702268668384266 0.0007544931943342287 5.9537221758564185e-05 1.0742486556709384e-06 2728.0 0.0009630019194446504 0.011403985816916764 0.00011231076511256155 0.0006420338759198785 1793.0 3.72491886082571e-05 -0.00020461315376145534 3.383736758316756e-05 -4.6908626245567575e-05 647.0 0.00010407652020377732 6.010874444439666e-05 4.4239599835927633e-05 5.81430743144981e-06 159.0
226048 33 2.06246293065918e-09 4.7222222222218446e-09 0.035430725954048545 "" 1 "" 7.048297898527388e-05 3.725798920841432e-05 109.34395607920528 2.1761764589777386e-05 1 290.9330642389666 14.508614537937817 0.0001782450300507117 -0.0019894559588669674 5.630819591727601e-05 -1.2705820726195411e-05 3264.0 0.0011600456200540066 0.016059102573657457 0.00020718457123617727 0.0005436338833533227 2971.0 7.099754293449223e-05 -0.0004886944625763393 5.23075784919422e-05 -5.734887599828653e-05 1075.0 9.067708491686724e-05 -0.00046522044796763913 4.220652032419038e-05 -3.281507025921302e-05 271.0
226049 34 9.707225141719273e-10 2.269444444444263e-09 0.015371365693502108 "" 1 "" 4.779115312429532e-05 2.58621785276298e-05 100.58750289737978 1.4929614139302998e-05 1 290.9328541022474 14.508720757422122 0.0001348756967782428 -0.0020937759776800823 5.5343054748136216e-05 -1.6196924636157017e-05 2652.0 0.0008655739948153496 0.007325905321873006 0.00011991406590879012 0.0005190855590626597 1409.0 1.8694890968617983e-05 -0.0003084338623039039 6.526566824924555e-05 -6.014695827616379e-05 503.0 0.00013740755664579728 0.00018780670767706804 4.026981189995607e-05 2.277309976788594e-05 125.0
226050 35 2.072407423591232e-09 4.443749999999645e-09 0.030852390854435297 "" 1 "" 7.537551671497575e-05 3.500760091113145e-05 106.07684190822798 2.1814165404959665e-05 1 290.9326268733009 14.508794799076878 0.00014414546604682975 0.0002017668701224962 4.151205365511034e-05 3.1413215099195926e-08 3404.0 0.000770635437220335 0.01346533569259293 0.00017799676796261414 0.0004924976383335888 2977.0 0.0001340413436992094 -0.00025786817523540336 5.489579940999507e-05 -3.0885723390383646e-05 1077.0 3.714469630541797e-05 -0.000312858844399168 2.9466134688002493e-05 -2.1342030757335508e-05 269.0
226051 36 2.8316115148321888e-09 6.002083333332853e-09 0.04418926483100117 "" 1 "" 0.00011129585155770855 3.2394568941750755e-05 139.40099267982814 2.5498689882361977e-05 1 290.93306830459585 14.508873562884931 0.00024266113484650216 0.0005205313934298755 6.815380746849403e-05 -3.22186162989415e-08 4372.0 0.0008413369068875909 0.02058463774443421 0.00015562035629528533 0.000526806921698153 4085.0 7.274909148691222e-05 -0.0009219402018171879 4.577366626636558e-05 -8.835551852826029e-05 1473.0 0.00010293317711780736 0.00020461764509768074 4.403326267229923e-05 1.8629767664475316e-05 369.0
226052 37 8.656019102944741e-10 2.040972222222059e-09 0.013957118462475082 "" 1 "" 3.867170194865236e-05 2.8499840713148382e-05 106.54596703946184 1.4098085344017455e-05 1 290.9328886410627 14.509013316500118 0.00021575523903710314 0.0025549021606051715 6.342215796083364e-05 1.6728177270996828e-05 2408.0 0.0008208582876250148 0.006265066243328878 0.00011460106136275317 0.0005100914277136326 1247.0 0.0001300038566114381 9.875698811082423e-05 4.604849476400131e-05 3.366278178873472e-05 449.0 7.814278490447286e-05 -6.386327596319416e-05 4.116184429780444e-05 -1.5192092781696811e-05 113.0
226053 38 2.097364528549989e-09 5.5111111111106705e-09 0.04477570310203473 "" 1 "" 9.884208255474608e-05 2.7017772719369935e-05 107.95813796187797 2.194512159536523e-05 1 290.9330288090903 14.509136214261344 0.0003076289173466003 0.00019977285922870443 8.695240553678252e-05 -5.091240721048152e-06 4036.0 0.001198875135742128 0.019679957273884805 0.0002252168472033597 0.0006588411051779985 3013.0 6.135609874036163e-05 -0.0007084665628574248 4.869178591768143e-05 -8.814409375190735e-05 1085.0 0.0002302561956925978 0.0008002918394910757 7.279613711544724e-05 5.274718450656872e-05 271.0
226054 39 6.204136153111036e-10 1.6270833333332031e-09 0.010406437924481341 "" 1 "" 3.597402941048812e-05 2.195885783765305e-05 -148.9642808445294 1.1935529546375639e-05 1 290.9333202617032 14.509082027022943 0.0001705782351855295 6.076028345957335e-05 6.008815813633461e-05 7.193657074935914e-07 2340.0 0.0008103986037895083 0.004264564962913812 8.737662324090471e-05 0.000485431170091033 891.0 9.689744911156595e-05 9.479476432750107e-05 3.636503453440921e-05 4.088764762855135e-05 319.0 8.504411744680735e-05 -0.00011746373896037882 4.854123425569677e-05 -4.118890979125313e-05 75.0
226055 40 1.7652581019070893e-09 4.802777777777394e-09 0.0388598588816484 "" 1 "" 6.876378843078712e-05 3.268631264225617e-05 107.09090067122968 2.013284448615727e-05 1 290.9328094334852 14.509144482447718 0.00022928727821181971 -0.0009398559070612322 8.52955272615115e-05 -8.21360697423146e-06 3212.0 0.0012096689315512776 0.016951143167685673 0.0002010435922022536 0.000643027073238045 2539.0 0.000245280796661973 0.0006477668088221473 7.251614803323252e-05 7.04662234056741e-05 911.0 0.0001449397907991358 0.00014577159582722843 6.480443777932433e-05 8.07810553161142e-06 225.0
226056 41 4.5661030595732234e-10 1.2986111111110073e-09 0.009445262351899616 "" 1 "" 4.308467212136037e-05 1.3493991419492407e-05 67.40113719035726 1.023938533495223e-05 1 290.9332107307545 14.509170620023893 0.0001777942147917028 -0.0023893178039893687 6.0937893876153e-05 -1.7947533422778973e-05 2528.0 0.0008624792681075633 0.003923660368118866 0.00010625177066094905 0.000605506356805563 663.0 0.00018208411347586662 0.0001592114199692975 6.115560008076413e-05 8.257092849817127e-05 239.0 7.605999750260223e-05 4.679120752085824e-05 3.483871770885251e-05 1.5147445755415861e-05 61.0
226057 42 2.415814208886118e-10 9.541666666665904e-10 0.013266280046081876 "" 1 "" 2.291636469889114e-05 1.3422558904800546e-05 165.56172515411373 7.447882180220063e-06 0 290.9332989684769 14.509203403334494 0.00018734014656588395 0.0009882675765539254 6.411665867665145e-05 1.001980887279992e-05 1976.0 0.0029675127007067204 0.006381726702042431 0.0006425158951025194 0.001924613257870078 347.0 0.0009507334907539189 0.0006992197385981257 0.00019568774780230787 0.0007172234472818673 129.0 0.0001777942147917028 0.00011512454819343135 6.921895358210742e-05 5.7537782095188676e-05 33.0
226058 43 6.846730184202292e-10 1.5826388888887623e-09 0.010944717252206611 "" 1 "" 4.4021955438110455e-05 1.9803018632243355e-05 87.60879143461469 1.2538414965440911e-05 1 290.93317817278904 14.509289071745643 0.00023647042679056788 -0.0004494073619240815 7.646246791013115e-05 -1.2839256531342478e-07 2556.0 0.0008315481245517731 0.005190241972275582 0.00015381693845873036 0.0005445373826660216 977.0 2.8209293304826133e-05 -0.00016025042278275015 4.302151727098839e-05 -6.012324956827797e-05 355.0 -2.3429702951458024e-05 -0.0005919370292087901 4.6131789015030106e-05 -0.00012076098839866985 87.0
226059 44 1.0588859661235348e-10 3.5208333333330516e-10 0.00391843477556613 "" 1 "" 1.4213894668433584e-05 9.485355492752089e-06 71.81595965921073 4.9308935668391965e-06 0 290.93388731331646 14.509272684710323 0.00015944428750073902 0.000759623779576145 4.455840631002788e-05 7.340477995802511e-06 1736.0 0.002125100465491414 0.0019649018228825926 0.00045520627483447066 0.0013729960191994905 149.0 0.00025225902209058404 5.7936713534404565e-05 7.240139008238726e-05 0.00013268199109006673 53.0 1.8062772268083447e-05 -9.14540651687446e-06 1.466640392493506e-05 -1.699179978545459e-05 13.0
226060 45 1.1589477062017007e-09 2.968055555555318e-09 0.022733272475530992 "" 1 "" 4.378678697359608e-05 3.370064976346479e-05 178.8890724551836 1.6312966799678345e-05 1 290.9329125339003 14.509301979013445 0.0005269232012073895 -0.005163403257815745 0.00013894356204500628 -4.9348162243360174e-05 2540.0 0.0009306446299888194 0.00959352389640096 0.00015987584977003423 0.0006009921780787408 1675.0 0.0003435793914832175 0.00022914188715372232 0.00013686344869113522 3.1037507142173126e-05 597.0 0.00021148225809318702 0.000207206608061683 8.604214153991755e-05 3.432782269112758e-05 147.0
226061 46 4.073239607752766e-10 1.2930555555554522e-09 0.010751620106121266 "" 1 "" 2.791004774812204e-05 1.8582189773642418e-05 52.37111123123069 9.670991715352404e-06 1 290.93325762962934 14.509316169158238 0.000174288603252855 -0.0016237916608817192 6.138051201704836e-05 -1.1077011248107395e-05 2108.0 0.0009165212395600975 0.004199792919980456 9.527070138050032e-05 0.0007313693640753627 585.0 -2.2126318071968853e-05 -0.00014440128940753293 3.335833620128987e-05 -7.991377060534433e-05 213.0 7.868479403042593e-05 9.475054889040837e-06 3.601006247319017e-05 9.512511325902324e-06 55.0
226062 47 2.835804111914779e-10 1.0437499999999165e-09 0.013618997629924206 0.001306575697030481 1 1 3.6851061670563794e-05 1.3404756390037785e-05 3.0874993472390053 8.06936102120344e-06 0 290.9336483407494 14.509307601119417 0.00014711025100989415 -0.0002284392331000337 4.619018421705715e-05 -2.5057309717373072e-06 2364.0 0.0017917489167302847 0.006746950695827362 0.0003738813106441242 0.0013303125742822886 557.0 0.00039789281436242163 0.000548697537663584 3.185689427020218e-05 0.00035275498521514237 199.0 -1.3336686999967135e-06 -0.00015523270997396245 3.984848691018524e-05 -4.43463783444198e-05 53.0
226063 48 1.0758817314335272e-09 2.1166666666664974e-09 0.017062570738875064 "" 1 "" 5.0101654305270704e-05 2.7341981149337978e-05 138.27434929384242 1.5717493838996e-05 1 290.93310217953666 14.509368593164872 0.0005269232012073895 0.00028366800174944835 0.00013193068019029522 1.0534919323574153e-05 2704.0 0.0011422834359109402 0.009014401105856818 0.00022601816944479614 0.0005801939405500889 1553.0 3.369102341821417e-05 -0.0002931759560448401 3.473521157166894e-05 -6.319671228993684e-05 555.0 0.00011447973870488907 -0.0002588156676955142 9.877036222223512e-05 -5.200234675657542e-06 135.0
226065 49 2.1137539655681446e-10 5.451388888888452e-10 0.0048540798028336675 "" 1 "" 3.7380596136140016e-05 7.199887734184334e-06 -142.4376665803241 6.966718295501456e-06 1 290.9333308013747 14.509389244680595 0.000174288603252855 0.0002581376218669807 4.851237466250485e-05 4.4551763746466135e-07 2376.0 0.0009883006568998098 0.0020087751788197836 0.00011902967802541328 0.0006312918267212808 309.0 3.1925087569106836e-06 -4.2183398083240314e-05 2.4559538894410815e-05 -4.475338937481865e-05 109.0 7.619020085695383e-05 4.107134774761101e-05 2.6283624460984033e-05 3.732289402868588e-05 27.0
226066 50 5.647252185426132e-10 1.5256944444443224e-09 0.015381435384416409 "" 1 "" 4.736578318310274e-05 1.518063617357408e-05 -150.05763919642663 1.138727013274822e-05 1 290.9332742998471 14.50943297186745 0.0001761806696865543 0.0008942208760950913 5.9713607668368216e-05 9.2652324404613e-06 2660.0 0.0013549656141549349 0.006464482971290679 0.0001892247913724819 0.0008035721257328987 817.0 2.795779255393427e-05 -8.534104929186116e-05 2.769713353199748e-05 -3.508460576995276e-05 287.0 3.7907048959397566e-05 -0.00010972202285048534 3.865979256028208e-05 -3.079923017181898e-05 69.0
226069 51 4.879092120635501e-10 1.4062499999998875e-09 0.04026843759476206 "" 1 "" 3.0615131560569375e-05 2.029179192351214e-05 92.31192490461643 1.0584504725914557e-05 1 290.9331610512368 14.509490705338974 0.0022261969802576244 0.006462152623643816 0.00024167194091765452 2.6146345186685317e-05 2208.0 0.003073427826166153 0.016739846526110526 0.00038767583848628483 0.002486833604052663 703.0 0.0005425511626526713 0.0007864638122683284 7.660568629836428e-05 0.00038648777990601957 253.0 1.4639182585410705e-05 -0.00012802890133898677 4.162621074404606e-05 -2.369153884085609e-05 63.0
226070 52 7.243529402695326e-11 2.361111111110922e-10 0.001951356638219691 "" 1 "" 1.0497679348859366e-05 8.785660895921402e-06 121.43947340184617 4.078271607496099e-06 1 290.93306937435227 14.509477370109336 0.0003021368452697122 -0.0010767055737888932 0.00012763165959703203 -1.5317221655760907e-06 1640.0 0.0008656104328110814 0.0007623604238243087 6.325724488966713e-05 0.0007604427519254386 103.0 9.956066060112789e-05 -7.801760420533728e-06 5.81232517397842e-05 -3.660863148979843e-05 41.0 -3.6810660645679636e-05 -3.015733172328159e-05 1.956197678337825e-05 -5.997171876599724e-05 9.0
226072 53 4.057878050644967e-10 9.652777777777005e-10 0.00877272250309761 "" 1 "" 3.465332462323393e-05 1.4909792407158379e-05 142.32930088000765 9.652738207158096e-06 1 290.9329250720323 14.509497143005175 0.022283250385784013 0.2130321890260083 0.00423337561818323 5.555965180073593e-06 2304.0 0.0010743492748588324 0.003888769457345305 0.00015939512581215193 0.0006830395432189107 587.0 0.002963422564789653 0.002832808457284443 0.0006748681860568489 0.00165559200104326 209.0 0.0034747616812338803 0.006344085614422623 0.0007234235436095342 0.002256045376111123 53.0
226073 54 1.6618442240070758e-10 4.87499999999961e-10 0.011686716619467831 "" 1 "" 1.8783292364978614e-05 1.1265127356287183e-05 93.45066975105357 6.177264367338423e-06 1 290.9331288648032 14.509491388963767 0.00033229215454170277 -0.001119338806094556 9.640948317067338e-05 -9.000606034421442e-06 1864.0 0.0022092422004789114 0.004551459456740204 0.00013664307158618502 0.0019501616479828954 239.0 0.00043814844684675336 0.00023809545049395008 5.572811750771106e-05 0.00036634193384088576 85.0 -8.643244719605964e-06 -4.0946724313334575e-05 2.434793236104874e-05 -2.9362465900898042e-05 21.0
226075 55 2.8462447193544015e-10 8.756944444443744e-10 0.0070739939830529565 "" 1 "" 2.9105295734624293e-05 1.2451387064143113e-05 52.43071776913706 8.084201896082823e-06 1 290.9328648444198 14.509501453606644 0.010372806578148718 0.12292192138864275 0.0022007002843393857 8.662772319601872e-05 2132.0 0.000988199026323855 0.003038107290910721 0.00012369088293338903 0.0007482996443286538 409.0 0.0018360159592702985 0.0018465898099219713 0.00021904383823124972 0.0016283252043649554 149.0 0.0008212655783470307 0.0010196418254018633 0.00017473771326633418 0.0004662957588196159 39.0
226081 56 5.862038064970857e-11 1.7638888888887477e-10 0.0063103572634209916 "" 1 "" 9.75154370396028e-06 7.654076086550023e-06 -153.95341266597222 3.6688110824669435e-06 1 290.93294477946546 14.50956198881477 0.024199201565654912 0.27833100790745774 0.005460450170696248 0.0010102034196906007 1628.0 0.0033035173546522856 0.002440833134946473 0.00025749995826238097 0.0029810857959091663 85.0 0.012429706752300262 0.0024003252708837807 0.0006991613969884508 0.011152851395308971 27.0 0.009202075534600729 0.003241485888090283 0.00022965133621671697 0.008949606056097332 7.0
226083 57 5.465686208158907e-10 1.9048611111109587e-09 0.21528657093882475 0.026721990032803292 1 1 3.118361615213623e-05 2.4433878222878292e-05 1.6363298228781047 1.1202717372443458e-05 0 290.93318639767466 14.50958604083882 0.0003460797109068037 -0.00039176719452135573 0.00010538879960508886 -2.844898593630211e-06 2200.0 0.019467385485768318 0.09555804775169746 0.0035325785314555555 0.010641607455909252 857.0 0.009890874847769737 0.014974838163374046 0.001983331039629602 0.0058551374822855 309.0 0.0022261969802576244 0.0031496456275204683 0.0006082571801096806 0.0005188781982527876 81.0
226084 58 3.871258542518826e-11 1.312499999999895e-10 0.0011131478899670622 "" 1 "" 8.33780313630036e-06 5.911777119285325e-06 72.40995617839647 2.98144718575617e-06 1 290.9331227021188 14.509569397380856 0.0022261969802576244 0.007667402346980649 0.0002977864327412279 2.7187672265580236e-05 1580.0 0.0009074641857296228 0.000431025641438506 6.568365557648122e-05 0.0008013868355192244 55.0 0.0003736130893230438 5.062498697254732e-05 2.1310378276849248e-05 0.0003348005993757397 19.0 3.044547637057359e-05 -5.46234672396799e-06 3.660959242750485e-05 -3.4660346118739596e-05 5.0
226085 59 7.244878208238882e-10 1.6861111111109762e-09 0.25070235935180224 "" 1 "" 4.464406550063588e-05 2.0662595069846666e-05 54.88591306202248 1.2897827870325938e-05 1 290.9329733650672 14.509607206990005 0.0063905408976279434 0.07281284347342383 0.0011833463643888338 0.0001200808485044464 2572.0 0.022265784442424774 0.11766456131687279 0.00547005930825618 0.01119584683328867 1045.0 0.053818993270397186 0.12245177500315998 0.007455519924883461 0.041523728519678116 373.0 0.024199201565654912 0.07872417509707867 0.00693362803837044 0.016838252479539167 95.0
226087 61 3.059407067689949e-11 8.888888888888178e-11 0.0069455300113030905 "" 1 "" 7.7212961782291e-06 5.0450394469865995e-06 105.33591505736155 2.65045030026337e-06 1 290.9329438967376 14.509601395984433 0.01838617460077075 0.18605707263915555 0.0032660277601110135 0.0005476033530437008 1560.0 0.006237545050680637 0.0026157630318435657 0.00019919484576940184 0.005918220616877079 45.0 0.02031560428440571 0.0020815849735806467 0.00021848431134529331 0.02004130929708481 13.0 0.016350102709161353 0.002452146327867609 0.0005424461443986262 0.01563246477017404 3.0
226088 62 1.5724336202971988e-10 3.4027777777775056e-10 0.018899431059356615 "" 1 "" 2.0580320579718654e-05 9.728316642919816e-06 -154.7974210984084 6.008792302699732e-06 1 290.93322516168035 14.509615594445473 0.0022261969802576244 0.007166131475075554 0.00023504332316827084 2.3870416212281166e-05 1940.0 0.004617511760443449 0.008893169150915826 0.00035223187723658556 0.0039348597638309 227.0 0.0020360564813017845 0.001111477555490701 0.00017201378759805456 0.0017730764811858535 79.0 -1.5269629249224137e-05 -4.639545306274719e-05 2.3992447345334112e-05 -4.255659714392719e-05 19.0
226089 63 1.0360219298937801e-10 2.951388888888653e-10 0.022585389006366082 "" 1 "" 1.5233151484142848e-05 8.65957743111054e-06 69.49440269603478 4.8773677955660665e-06 1 290.93316437221426 14.509630557688808 0.0022261969802576244 0.006107888130114365 0.00026358830078443104 1.4129066300985376e-05 1768.0 0.006686188280582428 0.008850397946273663 0.0004070895898936847 0.006213356275111437 147.0 0.0038250740617513657 0.0014515648057224916 0.00035358515724417873 0.0033489579800516367 55.0 0.0001811174044806228 2.832202403009893e-05 6.371467063083046e-05 3.3472459772726063e-05 13.0
226090 64 1.79507716357685e-10 5.173611111110698e-10 0.008448231309667788 "" 1 "" 2.3999710185495168e-05 9.523457259837869e-06 87.17843489492859 6.42011183285525e-06 1 290.93290913648633 14.509656863762439 0.024199201565654912 0.2663228232929837 0.005470125143409054 8.941705900776008e-05 1988.0 0.001504377112723887 0.0031949590647651015 0.00013613856364059573 0.0012913960963487625 255.0 0.0012645972892642021 0.0007014977483207389 0.00017828642779287284 0.0008641376625746489 95.0 0.00019162132507606958 0.00015789997166766948 4.999509463806861e-05 0.00014281895140979672 23.0
226091 65 5.344040647658728e-10 1.615972222222093e-09 0.013783615570869231 "" 1 "" 2.7426573870474796e-05 2.480936829722696e-05 115.63608162382174 1.1077350782430842e-05 1 290.93329589854267 14.509706801253659 0.0002952878888692841 0.000991759003227208 4.7767770393570455e-05 9.226280537747434e-06 2104.0 0.0011851591989398003 0.005780142525138041 0.00019466185175650308 0.0007273925584740937 775.0 6.628722621826455e-05 -0.00011196694445078393 5.372069402952771e-05 -6.014705286361277e-05 275.0 8.375241345174233e-05 -8.52505605816975e-05 4.238862207364981e-05 -2.734617346710384e-05 67.0
226092 66 5.736463075065102e-10 1.484027777777659e-09 0.02165029819500289 "" 1 "" 4.4073291709314246e-05 1.6572431281689076e-05 63.20260825960463 1.1476861306535345e-05 1 290.93291895583184 14.50972190715673 0.022278661224393714 0.07110893918798025 0.0024525293080721756 6.81401668786402e-05 2556.0 0.0017690486274659634 0.010079025350464682 0.0002960146346895632 0.0012783032143488526 823.0 0.0002066633605863899 -2.610229896911725e-05 0.00011539431972043059 -1.270812731490878e-06 295.0 5.954557937398859e-05 -0.0006878860669391842 8.262551296725171e-05 -0.00017503676838221034 75.0
226093 67 5.993174269386383e-10 1.865972222222073e-09 0.021955068436054236 "" 1 "" 4.073783184173978e-05 1.8731670405548493e-05 -145.2673818045317 1.1730850100736791e-05 1 290.93299758878675 14.509723714148546 0.010515760727067003 0.004034874288734647 0.0006153237550012602 -7.854130461399731e-05 2476.0 0.0019350589718669653 0.00999251731367679 0.000406777615858086 0.0012002894654870033 863.0 0.00011034070485038683 -7.459990467588437e-05 7.599405706840643e-05 -3.5411219869274646e-05 311.0 0.000185080626649891 0.0003014654029386621 6.246983579736133e-05 6.267002455892078e-05 77.0
226094 68 1.3880200494138202e-10 4.506944444444084e-10 0.004015707112688472 "" 1 "" 1.7420340978724655e-05 1.0145106262589431e-05 103.73406074946466 5.6454543744973204e-06 1 290.9331728144314 14.509708979002372 0.00034203059165215837 -0.0014707511183950986 7.908817422443798e-05 -8.619423153619895e-06 1836.0 0.001141020329669118 0.0017568335588182286 0.0001525648250591351 0.0008904053829610348 203.0 0.00023907657305244356 6.775866124476552e-05 5.810596287144764e-05 0.00012170856643933803 69.0 8.695123937778186e-06 -4.152249090652181e-05 4.6234680089464696e-05 -4.6114406524642846e-05 15.0
226095 69 3.317776640292396e-10 1.2611111111110103e-09 0.018527112602671442 "" 1 "" 2.53588663178791e-05 1.6658458957755923e-05 -138.75231067615937 8.728198301462685e-06 1 290.9330686105604 14.509750294868677 0.00030932018333242376 -0.005066691165825443 0.00013517585759073765 -5.282508491111523e-05 2044.0 0.0024590385146439075 0.008283996477774374 0.00036060444859533253 0.0017347460379824042 485.0 0.0006921666208654642 0.0006029225313533298 0.0001448546330240816 0.00044822783092968166 169.0 0.0002438912918372728 0.00032659684461795496 4.8929005118576195e-05 0.0001524767444204499 41.0
226098 70 3.36952815494319e-10 7.812499999999375e-10 0.008183350950999205 "" 1 "" 2.3446836449403626e-05 1.8297946265516205e-05 -165.7699089764107 8.796007215894462e-06 1 290.93311591176877 14.509781134636292 0.0002484276119724354 0.0005249362003998924 9.221951043394794e-05 1.68994061002371e-06 1992.0 0.0012288084253668785 0.0038535832333060904 0.00025031744431564814 0.0008344131638295949 481.0 0.00020056833454873413 0.0001809989119967932 3.491036775013485e-05 0.00012317202345002443 175.0 0.00019084053807263718 0.0002725749879517126 3.77765812328385e-05 0.00010864469511196198 47.0
226099 71 2.0406249263368064e-10 6.430555555555041e-10 0.0049611977083054174 "" 1 "" 1.798097673317254e-05 1.4449985809491391e-05 169.2560443584408 6.845144584417024e-06 1 290.9332558338304 14.509779591590904 0.0001313068746859569 -0.0006724767143427158 4.8634699613748094e-05 -7.0318589637576674e-06 1840.0 0.0009197042672894895 0.0020065823020406002 0.00010588391117479007 0.0006928743096068501 295.0 -1.7087057130993344e-05 -9.459650982092715e-05 3.413293511703172e-05 -0.00012429502385202795 107.0 0.0001121181149237269 6.591561066181783e-05 2.9104177372202972e-05 3.9998688948521786e-05 27.0
226100 72 9.101677631864707e-10 1.5708333333332076e-09 0.015295362059360483 "" 1 "" 4.320525392662355e-05 2.6822694293198585e-05 -161.55457211297596 1.4456453275103556e-05 1 290.9331622863788 14.509794860436658 0.0002438912918372728 -0.0014370572609053735 7.685156974722058e-05 -1.621421031869033e-05 2520.0 0.001023674150928855 0.00776073711331637 0.0002466292324890835 0.0006461984594352543 1315.0 0.00010694643424358219 4.986557222521143e-05 3.40350042080527e-05 7.832909432181623e-06 469.0 0.00015602875382363283 0.0003835146082723362 3.248499217714898e-05 6.452185920952928e-05 119.0
226101 73 1.1002658299351492e-10 4.111111111110782e-10 0.00420327121117361 0.0002822810563248338 1 1 1.4497960648071741e-05 9.662916382624348e-06 -145.0768340788318 5.026316650129685e-06 0 290.9333041492446 14.509799391836632 0.00012940791381705675 -0.0004119385228653014 5.215973681877297e-05 -5.251392464082169e-06 1760.0 0.0021534892730414867 0.0020069284455161655 0.0004203520050146396 0.0012554237619042397 157.0 0.00044235747191123664 0.00014845187860970495 8.804808158347594e-05 0.00035416343598626554 57.0 0.0001229377577096091 3.338762171374912e-05 3.824467061113793e-05 3.4209813360159786e-05 15.0
226102 74 1.7903518960029292e-10 5.479166666666229e-10 0.0043377837069870275 "" 1 "" 2.9406298002146616e-05 7.752032037052232e-06 97.70627099161926 6.411656280799371e-06 1 290.9329868255625 14.509820482027099 0.0005209794061027896 0.005497837671936537 0.0001589247516896601 5.225180610958029e-05 2156.0 0.0008611853700131178 0.001705932450285305 8.656972123740426e-05 0.0006765909492969513 259.0 9.435966785531491e-05 8.041858957014355e-06 6.743490228938278e-05 3.177046528435312e-05 95.0 -4.240182050607396e-06 -0.00017492961362907568 6.855423647868143e-05 -0.0001629971282160302 25.0
226103 75 5.91607515023055e-10 1.6881944444443094e-09 0.016556436062633368 "" 1 "" 4.493610729049674e-05 1.6763154457574974e-05 60.3128245359528 1.1655150161573586e-05 1 290.93307332039876 14.509838478047936 0.0002959293298353842 0.003371165325892396 0.00011186202171667024 3.3834668567247125e-05 2572.0 0.001535198651254177 0.007251220362613604 0.00030093001431399225 0.0008518847171217203 841.0 0.0002097385295201093 0.00019858339955084942 9.653163943009851e-05 9.891788067761809e-05 309.0 0.00011708862756140858 -0.00010036637851883117 6.394298277501253e-05 -4.108864634972542e-05 77.0
226104 76 6.343087763350804e-10 1.5097222222221014e-09 0.010553552095953463 "" 1 "" 4.544249896372113e-05 1.7772807081223747e-05 -159.2500622171595 1.206844713450011e-05 1 290.93280085760506 14.509826433172584 0.0004165324827709782 0.0025500872581011367 0.00011083311258743535 1.9200658115211205e-05 2592.0 0.0008099639671854675 0.0045887773269311 0.00015847346330234718 0.0005460258689709008 905.0 9.204545494867489e-05 2.3666889507470275e-05 3.719041050773676e-05 6.0957763707847334e-06 333.0 2.445946978924042e-05 -0.00021282113987998387 4.669658774351743e-05 -3.366685100814448e-05 87.0
226106 77 4.74309720048799e-10 1.05694444444436e-09 0.008417400673530166 "" 1 "" 4.2664038010884354e-05 1.4155251159520694e-05 -156.04610321148206 1.0435951318848583e-05 1 290.93292449165835 14.509877638296157 0.0004004333498683881 -0.006278921294786066 0.0001556247067692715 -7.008873795336977e-05 2512.0 0.0009310986497439444 0.0038242874542264308 0.0001585716927921409 0.0005794926546514034 677.0 0.000255385268246755 0.0002651356260245844 5.4393086416405775e-05 0.00013116297486703843 249.0 0.0004123838824057491 0.0005051559928019353 0.0002006785529025545 0.00023874897943396739 61.0
226107 78 3.803775703042479e-10 1.0423611111110277e-09 0.008722732557941475 "" 1 "" 2.541411492395938e-05 1.9057126767928488e-05 94.1756418180967 9.345627830318676e-06 1 290.9329748544774 14.509897266334068 0.0005209794061027896 -0.005427363081111986 0.00018316309185981757 -0.00010402502398910613 2052.0 0.0009106434881687164 0.0036881169839921082 0.00013014144871715858 0.0006804140866734087 547.0 -7.903241203166544e-05 -0.00022604466768322696 3.50090217065275e-05 -0.00014250952517613769 195.0 0.00020871991154970402 0.00031099747816667876 5.7916327004185475e-05 0.0001298845489367466 51.0
226108 79 7.076281968412293e-10 1.8736111111109613e-09 0.013878137713521739 "" 1 "" 3.072214497202451e-05 2.9327234250910362e-05 67.2519621136745 1.274687118824468e-05 1 290.9331890349214 14.509908202914112 0.00019642298308612536 -0.001004831628809645 6.928043951831909e-05 -8.655038291305352e-06 2200.0 0.0008635673439130187 0.006143256552514999 0.00010615942954293297 0.0006197289912961423 1019.0 0.00018852224457077682 0.0002230487010306897 7.598999162901167e-05 9.135181608144194e-05 365.0 0.00011444805305125818 0.0002445394401103594 3.733428981771185e-05 5.947671956148694e-05 95.0
226111 80 8.51949180454365e-11 2.944444444444209e-10 0.0026033936502441206 "" 1 "" 1.2630809300096759e-05 8.588157958821124e-06 -167.27245063625523 4.422907705904468e-06 0 290.9314367144165 14.509895320875852 0.00010107705713222814 -1.4857851360989706e-05 3.360063510472098e-05 -7.043311344829322e-07 1700.0 0.001149931107647717 0.0011019035160658732 0.00012393784688345298 0.0008884952985681593 125.0 0.00019454336143098772 4.3696144963774454e-05 3.966780452981126e-05 0.00012841967691201717 43.0 3.709292105735859e-05 1.1436906779317779e-06 2.2489240552777876e-05 6.1138603361545125e-06 11.0
226112 81 1.37713846513643e-10 4.388888888888538e-10 0.006134047231039367 "" 1 "" 1.718152295472614e-05 1.0205480672047808e-05 -170.53715849266356 5.62328165367788e-06 1 290.93283914289026 14.509898771665371 0.00035587319569326393 -0.00194521249155382 0.00012509148592854664 -1.4269029103646368e-05 1828.0 0.0014032592298462987 0.0024376801970844054 9.719177225787122e-05 0.0012592064449563622 199.0 0.00019741298456210643 8.835894909158257e-05 2.7501856947442318e-05 0.0001585862773936242 71.0 8.336696093733044e-05 1.3492518523027349e-05 4.300256328518652e-05 1.78632081477777e-05 17.0
226113 82 2.927325036183253e-10 7.722222222221604e-10 0.005884327422503527 "" 1 "" 3.3348066753595686e-05 1.1176808175621294e-05 126.73192603678903 8.198539732466337e-06 1 290.9332788262106 14.509920626646252 0.00013521945522982308 -0.0004877473762517797 4.743932984239923e-05 -4.1708015575670525e-06 2260.0 0.0008768943953327835 0.0026643883532260952 0.00011621020244850688 0.0006523875636048615 427.0 0.00021170028776396066 7.43450453770358e-05 7.454922387249681e-05 4.847433228860609e-05 149.0 1.6877825665134016e-05 -6.338900144651053e-05 4.5959089295390585e-05 -1.4686393602944808e-05 35.0
226115 83 5.546820034419305e-11 1.812499999999855e-10 0.0013854762728780278 "" 1 "" 9.938965654924328e-06 7.105921378269119e-06 166.32723342407215 3.5688070645101546e-06 1 290.9331333349357 14.509946121756068 0.00020293146569237466 0.0009964427956849623 8.870315842034473e-05 2.3955489834273403e-05 1624.0 0.0009190416894853115 0.0005754257350604122 9.820169658511375e-05 0.0007498195627704263 79.0 9.191887329507153e-06 -4.571969090635913e-06 1.3119150240667503e-05 -2.0026587662869133e-05 29.0 -1.1595283539994465e-05 -2.1157627456746358e-05 2.757071080206119e-05 -6.668691863145238e-05 7.0
226117 84 4.110713332765656e-10 9.013888888888168e-10 0.008364335715113939 "" 1 "" 2.7488205962547458e-05 1.9040936634737117e-05 62.48100881849875 9.71537633232685e-06 1 290.93331183009434 14.50997322883206 0.0001692719501143645 0.00030183761843888653 4.417031006154911e-05 -9.10362698892597e-07 2104.0 0.000970571709331125 0.004109367880849522 0.00013068391995348902 0.0006743491976521909 589.0 8.120307757053524e-05 3.3011124933693036e-05 2.8654860426691258e-05 2.017232145590242e-05 215.0 1.5879008520220504e-05 -0.00017718634058053564 4.3353915612159906e-05 -6.241433239286287e-05 51.0
226119 85 5.189615503123818e-10 1.72152777777764e-09 0.06314090823031268 0.007622747469597005 1 1 3.214174739135903e-05 2.1459892175147497e-05 -2.471298162398271 1.091612809716994e-05 0 290.93282840577695 14.5099970466492 0.0003192599501240332 0.0007091053162727723 0.00010082871322446117 3.298950718620153e-06 2236.0 0.005631608888506889 0.02598002048294971 0.0009231385617905309 0.0032896623015403748 777.0 0.002104253973811865 0.003351753211753935 0.0003477589485151968 0.0015368895838037133 281.0 0.0003030038856504511 0.0004851031349630452 8.490674459495934e-05 0.00013415215230697827 67.0
226120 86 7.698933547820649e-10 2.308333333333149e-09 0.02329938199823451 "" 1 "" 4.0303268319906485e-05 2.4322477908276187e-05 67.49482182955526 1.3295856454985068e-05 1 290.9333347732068 14.510008602599791 0.00017362269326206295 -0.00022719773088907938 4.5055979705572746e-05 -4.5270285362084245e-06 2452.0 0.001147985807619989 0.008973623265757817 0.00011228348187190803 0.0008233797270804644 1113.0 7.887988613219932e-05 -0.00021650138112899487 5.7153841131281224e-05 -7.128251309040934e-05 393.0 8.920583097888581e-05 2.3636267625614217e-05 4.5053430985693217e-05 1.1826840014704742e-05 93.0
226121 87 7.430209061481368e-11 2.361111111110922e-10 0.0018400692210606103 "" 1 "" 1.1585670612374175e-05 8.165774241494538e-06 163.95678281699648 4.1304897516107365e-06 0 290.9311894935611 14.509996916546427 0.00013353276871691497 7.824470123959586e-05 3.5009799675879216e-05 2.164251401261152e-06 1664.0 0.0009999439353123307 0.0007868564101861914 0.00013921572857573567 0.000753460917621851 107.0 0.00023402765509672463 4.4279387252923434e-05 5.806388890386653e-05 0.00015064660692587495 39.0 4.8930306287665106e-05 3.1689280261080235e-06 1.7856903726890583e-05 2.408071899652668e-06 11.0
226123 88 1.3299833255995557e-10 4.638888888888518e-10 0.012776885931555976 "" 1 "" 1.3995478734984573e-05 1.2099737535292715e-05 149.94883004550118 5.526168592332951e-06 1 290.9327806980999 14.509999727736457 0.0003030038856504511 0.0035091651291101525 7.890141891154866e-05 3.287501098960987e-05 1720.0 0.0035950064193457365 0.00532964975559073 0.00042836837307072973 0.002819798653945327 193.0 0.0008323725196532905 0.0003919419154531378 9.394984318115687e-05 0.0007285029860213399 69.0 3.208621337832558e-06 -3.279223734897086e-05 2.3378718900967156e-05 -3.1578628357791467e-05 19.0
226124 89 1.4375245763699145e-09 3.074999999999754e-09 0.02888579527282359 "" 1 "" 5.866294582103888e-05 3.1201029413749365e-05 59.373382681770266 1.816806484580057e-05 1 290.93309279856146 14.510038251388474 0.000327153552475258 0.0010778342804371095 0.00010059462079754608 -1.0341129710086896e-05 2944.0 0.0022211051546037197 0.014203536825264238 0.00045210768099187643 0.0005863844999112189 2069.0 0.0009315218194387853 0.0009399524229666358 0.00023579652092302315 7.104598626028746e-05 751.0 0.00014439888124052994 -0.0002523987843378059 6.764660196294489e-05 -3.717271396146632e-05 189.0
226125 90 3.898682618109827e-10 1.0631944444443594e-09 0.008240112283511073 "" 1 "" 2.698465959902974e-05 1.8395790298547466e-05 90.08457761339447 9.461499550740026e-06 1 290.9329822873347 14.51001571878231 0.000327153552475258 0.005004569686106401 0.00011915767601316214 4.684356036659168e-05 2088.0 0.0009472906240262091 0.003649659462408957 0.00014340408773802878 0.00066940434044227 563.0 0.00011820594954770058 7.145173865882381e-05 4.1724669364745234e-05 3.72294380213134e-05 203.0 -7.205242886877772e-05 -0.0003463980435587095 2.181829211114606e-05 -0.00013132928252160134 51.0
226126 91 5.251238576055007e-10 1.4104166666665538e-09 0.010357920057770224 "" 1 "" 3.7682267500666437e-05 1.7743620241722568e-05 87.31668243876248 1.0980747548125354e-05 1 290.93313851468923 14.510041466534679 0.0002580367719891888 -0.0011349220289858537 7.337550257612702e-05 -1.3677688847801064e-05 2368.0 0.000884630368091166 0.004215771770002295 0.00012368542514220224 0.0005471691838465631 757.0 0.00010051469143945724 -6.657444997826475e-05 4.717368473678802e-05 -3.748768722289242e-05 275.0 0.00010199270462929661 0.0001684411903274231 2.84292621727132e-05 4.840586684708389e-05 67.0
226127 92 3.6666923844812305e-11 1.1111111111110223e-10 0.002479651696063122 "" 1 "" 7.7195276932751e-06 6.047853456673459e-06 50.905129705456844 2.901604863089413e-06 1 290.9327893727601 14.510019838031566 0.0003030038856504511 0.003002845061592382 7.389161083700544e-05 3.0221681324080088e-05 1560.0 0.0019247259479016066 0.000954026496925496 0.00010537946572200917 0.0017792053986340761 55.0 0.0006389904883690178 8.973337419970177e-05 3.34517571668737e-05 0.0005905787693336606 19.0 -9.558288564521101e-06 -1.257958285476643e-05 2.986236242144832e-05 -4.7464960941141056e-05 5.0
226128 93 1.8872493247571788e-10 5.78472222222176e-10 0.004371693427595151 "" 1 "" 2.1995240667076222e-05 1.0924915152809244e-05 65.40625750976461 6.582875955029544e-06 1 290.9333871347088 14.510074512790672 0.00013792046246124436 9.474094358962662e-05 3.828457055684889e-05 2.5784611147891e-06 1960.0 0.0008609624346718192 0.0016983795498436557 0.00010116142523684716 0.0006208704435266554 271.0 -1.1756975482057896e-06 -3.26561668012087e-05 1.9585378596982306e-05 -4.6431607188424096e-05 97.0 2.8358238324559833e-05 -9.618428171020036e-07 1.8080138549011287e-05 2.3669826593349662e-06 27.0
226130 94 8.865887627671128e-11 2.87499999999977e-10 0.0027162349027913145 "" 1 "" 1.5264891212321818e-05 7.395133547671073e-06 76.60099688795226 4.51192782041621e-06 0 290.9325987010882 14.510074365311315 0.00015997490069351045 0.0011036509655319542 5.306309317215413e-05 7.80773231361733e-06 1760.0 0.001222694292664528 0.0011571783664072715 0.00014038561439967822 0.0009288000874221325 125.0 0.00028418045258149505 8.257258878720349e-05 4.3163653138265396e-05 0.00024056721304077655 45.0 0.0001354772809773608 5.621897227462203e-05 3.638733409626899e-05 7.877200897390862e-05 13.0
226132 95 7.481131262608158e-10 2.440972222222027e-09 0.028596610642306883 "" 1 "" 3.585342003988982e-05 2.6567714653462312e-05 48.76608009940668 1.3106437764405696e-05 1 290.93284355341416 14.510110409791189 0.00030024315112691443 0.0015573433554746448 9.64487144653865e-05 5.965972423957068e-06 2340.0 0.0016417609294876456 0.012085601646630336 0.0002168942026383283 0.001093513797968626 1083.0 0.00016305423923768103 0.00028534771354537424 4.7691948649609606e-05 0.00010595087223919109 391.0 0.00012990110300862588 0.0001600039405223326 4.0395056172410516e-05 3.0019671855064023e-05 95.0
226134 96 3.083819672424899e-10 9.229166666665928e-10 0.008329994291994236 "" 1 "" 2.3457246901448745e-05 1.6738997630560927e-05 55.17241358149939 8.414833349493471e-06 1 290.93257599797306 14.51011858160687 0.00014274234923503408 0.0006974216849260776 4.844180940196871e-05 6.569338323300811e-06 1992.0 0.0009822105057537556 0.0035611305219440045 0.00010141523954219255 0.0008408536668866873 443.0 0.00011106294550700113 7.454768502403453e-05 1.974735949020692e-05 5.987432086840272e-05 155.0 6.664914372874621e-05 3.231695965427993e-05 2.461519797425488e-05 1.3253105806570548e-05 39.0
226135 97 5.730161288585193e-10 1.9229166666665127e-09 0.02930571467065841 "" 1 "" 4.2871173952835524e-05 1.7018410015503688e-05 78.66205294760029 1.1470555626323388e-05 0 290.9330629052984 14.51013976942122 0.0002286268749249837 -0.001313820945736581 8.991535026868315e-05 -9.94170350320214e-06 2528.0 0.002610425930470228 0.013099634744446408 0.0004948126169853405 0.0015740965027362108 833.0 0.0009484444744884968 0.0012755010454136963 0.00023956185210803756 0.0005228890804573894 299.0 0.00011476170311632484 5.0619831884976904e-05 4.2582880626134636e-05 6.935143176645559e-06 75.0
226136 98 1.0534717060823432e-10 4.0208333333330116e-10 0.0050255191286309175 0.00029152768212471785 1 1 1.3029672664994466e-05 1.0294538518348961e-05 -163.47990291915045 4.918271171643527e-06 0 290.93265143314153 14.510123799844973 0.00018990114592401796 -0.0012413822903813566 7.632452777188626e-05 -1.627560236701404e-05 1716.0 0.0017841934459283948 0.00209980534647275 0.0002524346221065315 0.0014381572837010026 153.0 0.00040865811752155423 0.00014920076231946718 4.535782496363382e-05 0.00034544634399935603 55.0 5.850243340882966e-05 -1.8713635551029168e-05 4.2556044575289244e-05 -4.311304562148318e-05 13.0
226137 99 4.877952209869348e-10 1.0506944444443603e-09 0.010284827776519036 "" 1 "" 4.420749758192638e-05 1.4049443485679116e-05 148.45317917365648 1.058326821557718e-05 1 290.9329102857089 14.510146102123793 0.000327153552475258 0.00353512138836936 0.00010585454780704537 3.236082729213079e-05 2548.0 0.0020304827485233545 0.0054777282645113185 0.0005289860769866604 0.0005793508607894182 705.0 0.00026923546101897955 0.0003261135275068407 8.147057002667715e-05 0.00018775224452838302 255.0 7.262144338141331e-05 -0.00029215211682798804 7.771146593886358e-05 -9.457919204077405e-05 63.0
226139 100 1.0921173323250416e-10 2.923611111110877e-10 0.00388187976324949 "" 1 "" 1.6999725085735734e-05 8.17984197729899e-06 57.7078139003716 5.007669773486806e-06 1 290.93302783988406 14.510171785279564 0.000327153552475258 0.0015906841409177312 9.885425608543321e-05 9.096524844822233e-07 1820.0 0.001375208143144846 0.0017024824413405266 0.00014823005048709406 0.0010910959681496024 157.0 0.0004644480941351503 0.00020100791316697567 2.262411129452501e-05 0.00042372438474558294 59.0 -6.869375742682489e-05 -8.726801953235297e-05 2.5787231254053988e-05 -0.00011248326041756376 15.0
226140 101 1.0896504483384122e-10 3.680555555555261e-10 0.006279333617577899 "" 1 "" 1.3146618739689588e-05 1.0553357394336802e-05 50.53380652148975 5.002010892404947e-06 0 290.9330048203953 14.510180519949786 0.000327153552475258 0.0017331555222150458 8.654501624642291e-05 9.74834740936679e-06 1716.0 0.002155872294679284 0.002607617600568797 0.0002418214673920874 0.001711995922960341 155.0 0.0003542922204360366 0.0001543958061669711 2.0985994654413497e-05 0.00033003141288645566 59.0 -0.0001276917079528074 -0.00015008848429207204 2.095051157079137e-05 -0.00016963158606844692 17.0
226141 102 3.202595580534958e-10 9.479166666665908e-10 0.0068645204465964905 "" 1 "" 2.3431894904989776e-05 1.740252240550191e-05 -151.3834618813505 8.575354492486331e-06 1 290.93256706702766 14.510202429293594 0.00015997490069351045 0.00018142134202360545 5.440995214455117e-05 3.98211322674571e-07 1992.0 0.000879396335221827 0.0028884722349857496 0.00010049409024581966 0.0006207697442732751 469.0 5.121964568388648e-05 1.3329300654067628e-05 2.2886771193410798e-05 1.229830741067417e-05 161.0 6.448220530679679e-05 -4.3061425326588185e-05 4.8731285243175825e-05 -2.010828343057877e-05 39.0
226142 103 3.4798368561151307e-10 9.965277777776981e-10 0.006841040874376486 "" 1 "" 3.448428198609655e-05 1.2848582226125825e-05 84.64298321742798 8.938825802773882e-06 1 290.93332043421276 14.510249244522269 0.00014754536985996127 -0.0006347045158220212 4.5315139908042266e-05 -6.406696680351175e-06 2304.0 0.0008252435363829136 0.0027682955562182534 0.00010363140929286688 0.0005620372830890119 497.0 2.378284807491582e-05 -7.668766333157832e-05 4.125365173983566e-05 -4.9404399760533124e-05 181.0 9.306095278042017e-05 -1.627708707748447e-05 3.770606845275309e-05 -3.22090025028665e-06 49.0
226143 104 1.4222634482731464e-09 3.6895833333330384e-09 0.027594369076738928 "" 1 "" 6.760592273959745e-05 2.678630543114588e-05 108.6712351068755 1.807136911580765e-05 1 290.9333474425341 14.510314656409369 0.00013819779500745852 -0.0018487522496391181 4.397678050147945e-05 -1.1402264668436558e-05 3204.0 0.0009621107019484043 0.01174492498211384 0.00016423515794887687 0.0005629690131172538 2047.0 0.00019883109780494124 0.0006256710615244504 6.260243300232615e-05 0.00011206959607079625 739.0 0.00010829541368864322 2.148729040687186e-05 4.60891691449332e-05 3.3736744923867144e-06 183.0
226144 105 1.15935253122857e-10 4.833333333332946e-10 0.007280813984958805 0.001092626584529848 1 1 2.6238158475181706e-05 1.725779442337495e-05 -146.21483015500422 5.159513931496531e-06 0 290.9329169719767 14.510320839314724 0.000198920252528214 0.0005282757711779954 8.57848509563637e-05 1.688267188367112e-05 2072.0 0.0030453468207269907 0.006258195522390278 0.0007250600766333436 0.001067806500941515 511.0 0.0006634717574343085 0.0006142406904656451 0.00012724419822361026 0.00040041632018983364 185.0 9.05321990516559e-05 -8.925005265429945e-05 4.839816067519702e-05 -4.378320242628064e-05 47.0
226145 106 1.0260250613516912e-10 3.173611111110857e-10 0.0027394732098754274 "" 1 "" 1.503331285108689e-05 8.690020196194404e-06 113.39989253946861 4.853779203903045e-06 0 290.933036004206 14.510398090180125 0.00023340668175768594 8.357021445461269e-05 7.115526808343135e-05 2.7802425940995838e-06 1776.0 0.0013469718396663666 0.0012211281171696216 0.0002915844916179606 0.0008561885333620012 147.0 0.00025787638151086867 6.094280919126771e-05 5.4207526351164224e-05 0.00012530526146292686 53.0 3.127302916462833e-05 2.4510212381863904e-07 2.056689990279059e-05 -6.6193206237173465e-06 13.0
226146 107 6.451382569617436e-10 1.753472222222082e-09 0.013248158235969965 "" 1 "" 4.2422419975446944e-05 1.9363099172026796e-05 80.14219030932355 1.217103273301181e-05 1 290.93346901024273 14.51046906402445 0.00010015074499256984 -0.0013031298272801902 3.761789375782488e-05 -1.0091994511391733e-05 2512.0 0.001018575974740088 0.005876675978543656 0.00014402158913268164 0.0006332470802590251 929.0 9.73348505795002e-06 -0.00010257876827959141 1.9673073338150978e-05 -3.876361734000966e-05 333.0 0.00010656233683316901 8.41081506332704e-05 3.900747309660197e-05 1.6419169123668246e-05 83.0
226147 108 3.95777536460545e-10 1.0937499999999126e-09 0.007988686033283284 "" 1 "" 2.9976849937634855e-05 1.6810578515366725e-05 95.53118608637142 9.532934359266198e-06 1 290.93348651385503 14.510725859430455 0.00010660519056956806 0.0003674567482055371 3.761323520598976e-05 2.0945343862776227e-06 2184.0 0.0008181561133824289 0.0035273063131548137 9.99754537301226e-05 0.000636790064163506 573.0 -4.061306299263379e-06 -0.00014534457852777467 4.114662511527092e-05 -9.576500451657921e-05 205.0 5.289882131065741e-05 4.406873726229136e-06 2.649176515574838e-05 8.1759499916587e-06 51.0
226148 109 1.506209797504308e-09 3.4222222222219483e-09 0.022902043706836024 "" 1 "" 7.101380267897006e-05 2.7005996781927265e-05 107.37607025702745 1.859703747838557e-05 1 290.93340251032987 14.51082108165954 0.00012701538547660074 -0.0015368106649515092 4.22700519228984e-05 -7.2135132791341e-06 3284.0 0.0008225706988014281 0.010918615027254313 0.00011717207941525489 0.0005332081927917898 2161.0 4.835721483686939e-05 -0.00014001567249888203 2.313706187477528e-05 -2.3436430637957528e-05 779.0 7.571677808940628e-05 -1.1052161629304813e-05 4.175593162066557e-05 3.85222313463685e-06 195.0
226149 110 7.636639906751329e-10 1.871527777777628e-09 0.012506282441531742 "" 1 "" 3.9231548799128874e-05 2.478474022447518e-05 103.31638627447042 1.3241957463883621e-05 1 290.9334255569766 14.510940271188668 0.0001088527646785601 0.0004255086587926561 3.7293965065073005e-05 3.203651198108141e-06 2432.0 0.000854155863635242 0.005616499718051666 9.663685010140333e-05 0.0005077588721178472 1103.0 0.0001350688107777387 0.00011694051264912488 5.833903524735381e-05 4.2222000047331676e-05 399.0 0.0001031002050160529 -0.00023187146802326828 5.319960719199709e-05 -4.871542877760202e-05 99.0
226150 111 1.7432815950973915e-10 7.62499999999939e-10 0.011981425579529678 0.0008613812643630503 1 1 1.7957363881481612e-05 1.2360683159618023e-05 62.73650583831223 6.326810179526259e-06 0 290.93271886667435 14.511228759304284 0.00015105562822715152 0.0009392679066277772 4.431560314194182e-05 7.281308876653635e-06 1840.0 0.0032386970706284046 0.005577558796777713 0.0005739505259864993 0.002281858352944255 251.0 0.0007984770927578211 0.0004082043390070674 0.0001430376647364288 0.0006104595959186554 87.0 3.990020198471236e-05 9.876661248693628e-06 1.896078065410099e-05 1.3657821014085108e-05 23.0
226151 112 4.242659639069652e-10 1.0395833333332502e-09 0.006873327045482619 "" 1 "" 3.5990475593590104e-05 1.5009565462522395e-05 134.4566217256888 9.870067629370573e-06 1 290.93333297431275 14.511519640158753 0.00011374653465205363 -0.000826239516511886 3.729325227359219e-05 -5.752926189170423e-06 2340.0 0.0008188631036318839 0.003220285399959503 0.00010980922230319731 0.0005274793948046863 613.0 8.800086106930394e-06 -0.00014056916805022576 3.32839122371176e-05 -8.76834019436501e-05 217.0 5.004760101924035e-05 6.821808878989693e-06 1.9696210769060248e-05 2.607310417884605e-06 51.0
93000 113 3.248685787166633e-10 1.130401234568082e-09 "" 0.0014978778385937982 "" 1 2.949210745372829e-05 1.4025534255766079e-05 143.98749082291482 8.636840241591323e-06 1 290.93246384245197 14.505462992839457 0.00010906967642391625 0.00012467306916713364 3.983686557103744e-05 2.3535272346698132e-06 2156.0 "" "" "" "" "" 0.0005361029179766774 0.0006302855098016866 4.9517904657884114e-05 0.00047378690214827657 171.0 0.00011651027235262397 6.18096853265666e-05 4.601786400525417e-05 3.4838111190402325e-05 41.0
93001 114 2.004318317454514e-10 7.233796296297453e-10 "" 0.0010937105202655734 "" 1 1.7027832684482582e-05 1.498734945582755e-05 170.36853521673 6.783977204405276e-06 1 290.93225149370375 14.505940039890577 0.00012677350873385612 0.0003156907392820813 3.672821497832289e-05 3.305045777294382e-06 1820.0 "" "" "" "" "" 0.0008057793602347374 0.0004927803413635937 0.00013823277416608157 0.0006063980981707573 105.0 0.00011475887411072254 2.3880470552803694e-05 4.4901531441843246e-05 2.571914642521841e-06 25.0
93002 115 1.193632342205181e-10 4.783950617284716e-10 "" 0.0009472957573281725 "" 1 1.493051092811326e-05 1.017919467985735e-05 45.003282940045956 5.235236686823765e-06 1 290.93127487006865 14.506062622798163 0.00012202382169914469 -7.433419842682733e-05 3.962609915273221e-05 -6.857433299700704e-07 1760.0 "" "" "" "" "" 0.0010413199197500944 0.00042329151514690957 0.00011401290078368211 0.0008311945130117238 63.0 0.00041149565590192593 0.00010251743953004528 0.00014320843159602392 5.14999369637183e-05 17.0
93003 116 2.1863637218684597e-10 9.490740740742258e-10 "" 0.0022878730579467886 "" 1 1.704921603917647e-05 1.6328094715760774e-05 -150.70775187005395 7.085365175592463e-06 1 290.93235889590824 14.506202000335911 0.00013418600285753087 -6.289130430396312e-05 3.808499688814069e-05 -1.6325359673960086e-06 1820.0 "" "" "" "" "" 0.0015608048997819424 0.0010359312794396753 0.00024226822158057254 0.0011590347858145833 113.0 0.0002490862862922846 0.00012358799680239893 8.934795424147356e-05 5.128585639438065e-05 27.0
93005 117 2.9208208725608665e-10 1.141975308642158e-09 "" 0.0019920873133719348 "" 1 2.0932527643574234e-05 1.7766454273143735e-05 -139.50638380121052 8.189426583702353e-06 1 290.9324806942913 14.50621809701476 0.00013418600285753087 0.0003471927867046024 4.113521176776576e-05 5.184545345277772e-06 1924.0 "" "" "" "" "" 0.0009717258508317173 0.0008700157912724118 0.0001275435816597891 0.0007195694488473237 149.0 7.324461100861539e-05 2.2833248354523654e-06 3.478309623538967e-05 5.2466646727970045e-06 41.0
93006 118 3.659537829261246e-10 1.3869598765434316e-09 "" 0.0023715888530910383 "" 1 2.2865138297950148e-05 2.0378392406509078e-05 122.5128632619309 9.166723941038081e-06 1 290.9324334014553 14.50623411367346 0.0002490862862922846 -0.0002264723846773063 4.22192055383147e-05 -5.12316807874202e-06 1976.0 "" "" "" "" "" 0.0010113718453794718 0.0010176001119136596 0.00017298916520599184 0.0006792080821469426 187.0 0.00012124934893030075 5.170214281003753e-05 3.43784817075875e-05 7.379152331868601e-06 45.0
93007 119 1.4884675710554736e-10 5.131172839506994e-10 "" 0.0005641115950830349 "" 1 1.7026689719801508e-05 1.113080739056439e-05 -140.4656675931528 5.846160318365899e-06 1 290.9325760427923 14.506493446789484 0.00012422813729450377 -0.0011521805899231425 4.820806156421527e-05 -1.5247709435351365e-05 1820.0 "" "" "" "" "" 0.0004377246950753033 0.00022256559107794712 3.600564996093075e-05 0.0003689977456815541 75.0 5.703171665516204e-05 3.34575936139741e-05 1.4688474524967799e-05 3.859777503698727e-05 19.0
93008 120 1.8410949205117186e-10 6.19212962963062e-10 "" 0.000727954172718661 "" 1 1.8230396227247162e-05 1.2858715401385485e-05 -166.23598185132792 6.501882579122182e-06 1 290.93261203397185 14.506498660328234 9.629018648860017e-05 -0.0020060981031291758 4.046906108115268e-05 -2.035352051753946e-05 1856.0 "" "" "" "" "" 0.00045373052125796676 0.0003031177915586995 3.662133992408822e-05 0.0003907184873241931 97.0 0.00011545940919503915 8.152933424086387e-05 2.5183305155991827e-05 6.085304113222395e-05 27.0
93009 121 2.1976203771304188e-09 7.202932098766584e-09 "" 0.010844613860375938 "" 1 5.871232608641562e-05 4.765855813108013e-05 -154.95409953117746 2.246349715376428e-05 1 290.9326724399576 14.506860466967046 0.00014459762555275673 -0.001141474136574529 4.578209809787479e-05 -1.0093140378244754e-05 2936.0 0.0004725392791442573 0.0024353198882304987 0.00015784578958792216 6.819271948188543e-05 3155.0 0.0007064923411235213 0.004121417573390029 0.00012845650122549884 0.0004303495807107538 1135.0 0.0003676868279155145 0.0030602986688699077 6.86496073368033e-05 0.0001922855585048821 285.0
93010 122 3.1316050784085204e-10 9.413580246915085e-10 "" 0.0009908296943194489 "" 1 3.127849097846218e-05 1.2747901777509055e-05 81.60954023503048 8.479778857301471e-06 1 290.93262986684704 14.506982820077686 0.000282996529233408 -0.0035463792376795263 5.794765062558025e-05 -3.354686055188032e-05 2208.0 0.0015268169809132814 0.004116629130144388 0.0002714479466691278 0.0009571994887664914 449.0 0.00045398008660413325 0.0004187861221106624 6.772486575740915e-05 0.0003116081061307341 161.0 8.84016698704666e-06 -6.216907981604515e-05 1.650054886850142e-05 -2.8324989501689077e-05 43.0
93012 124 9.983841841335595e-11 3.395061728395605e-10 "" 0.0003840178017967935 "" 1 1.2391043227164824e-05 1.0259054403420358e-05 -144.31980361349693 4.787952998393858e-06 1 290.9327776476791 14.507272640047436 0.000135080866855238 0.00014098318327810752 5.515409711695094e-05 5.141592738821796e-06 1708.0 0.0012411788338795304 0.0013299158992218223 0.00019492311859109227 0.0009608718100935221 143.0 0.00041832998977042735 0.0001493315869163171 3.124833692720176e-05 0.0003668041608761996 51.0 8.103109622977258e-05 3.112730463835955e-05 1.9743922982016452e-05 6.0329183567595225e-05 11.0
93013 125 8.954865766266456e-10 2.748842592593032e-09 "" 0.0029961564079809544 "" 1 4.258516315093202e-05 2.677430936122896e-05 76.40827757902291 1.4339386549095493e-05 1 290.9326716162723 14.507336672796859 0.00028345699749353516 0.001088844137097773 5.2561553316757484e-05 6.178448015606453e-06 2504.0 0.0006654657772742212 0.002634753901393365 0.0002531931686706613 0.00020224234322085977 1289.0 0.000549482589121908 0.0013497334172505133 9.145794213692826e-05 0.000358950172085315 465.0 0.00012726971475887546 0.00040295174969531025 2.5108922564573094e-05 6.355512382551203e-05 115.0
93016 127 1.4209780168378366e-09 3.1944444444449554e-09 "" 0.003759380597685198 "" 1 7.060140689156506e-05 2.5626631042022156e-05 -167.5423248334631 1.8063200883330437e-05 1 290.93278074000074 14.507421546065057 0.00016447568817505912 0.0025950166202793517 4.1753675231373356e-05 1.3967094039882188e-05 3288.0 0.0015449989587068558 0.015072067202087923 0.0002856260329660134 0.0007634215289726853 2051.0 0.0005260655307210982 0.0017724890667485 9.375817264833593e-05 0.00029711678507737815 739.0 0.00012142630762130777 0.00027461881808327714 3.8817862248564016e-05 2.8219127980561233e-05 185.0
93022 130 5.306230197314159e-10 1.9309413580250002e-09 "" 0.005892464867848396 "" 1 3.2856628030943025e-05 2.0562722188907547e-05 76.64744219846152 1.1038093679879534e-05 0 290.9329068651314 14.507641756668095 0.001152954922660622 0.001221048576066794 9.96938470098764e-05 -1.7086796770653807e-06 2244.0 0.0032000159844756126 0.013681502659295285 0.0006088881929967955 0.0017648956272751093 763.0 0.0018446978647261858 0.0026450442786953 0.00031865697329350515 0.0011233550030738115 279.0 0.00022956815012193196 8.721767179371522e-05 0.00010511329963323982 -5.242560985298983e-06 67.0
93024 131 3.964101257848819e-10 1.2191358024693307e-09 0.011381474688779534 0.005137862660631789 1 1 3.640449351412499e-05 1.3864597258576305e-05 76.64183338158641 9.540549779792645e-06 1 290.93292650799003 14.507679304266238 0.0002094571054290365 -0.000736139110590523 4.895982953759534e-05 -7.6293550214869766e-06 2324.0 0.0013773934915661812 0.002763066929380833 0.0003258404569476527 0.0004213453794363886 573.0 0.00031861537718214095 0.0002069598069385959 9.025059486941042e-05 0.00012785106082446873 205.0 1.4238688862251497e-05 -0.00016975968847398327 3.897258165861843e-05 -6.49415915841154e-05 51.0
93025 132 2.0833433175868242e-10 7.098765432099901e-10 "" 0.0009249805374473329 "" 1 2.084547229792342e-05 1.2725258605148376e-05 67.91765337455368 6.916421531921149e-06 1 290.9328733994565 14.507734947798056 0.001152954922660622 0.0004926344239201986 0.00011505865210427833 -1.147621977245695e-05 1924.0 0.001598034636117518 0.003405038418027957 0.00033181267455722015 0.001197576872073114 299.0 0.0005028027226217091 0.000381752159436484 4.1053707890809374e-05 0.00042636520811356604 111.0 5.2647231840341466e-05 -2.3109274523594617e-05 2.2199273288101153e-05 -1.555593795878235e-05 29.0
93027 133 3.1889051577771634e-10 7.793209876544456e-10 "" 0.0025074496732441073 "" 1 3.30367999422664e-05 1.2290262021644164e-05 86.83127231311201 8.557005943699046e-06 1 290.93295016171265 14.507794207155735 0.001152954922660622 0.0028326241827280503 0.0001024907456159207 1.0750776324243477e-05 2252.0 0.003017036709934473 0.008703181939589268 0.0003342372409265532 0.001886354060843587 461.0 0.001077529275789857 0.001038953378253318 0.00011295024913690895 0.0007515724282711744 165.0 8.594886059659052e-05 -1.7686949607967346e-05 3.5413693569323624e-05 -1.082568951628498e-05 41.0
93029 135 8.171242712321378e-11 3.06712962963012e-10 "" 0.0004950934775085137 "" 1 1.3054025902271299e-05 7.97005196330648e-06 -140.61796207445644 4.331567509770395e-06 1 290.9328364517031 14.50789241914487 0.0002709584724705249 0.0003333346610849348 5.7500517029042384e-05 -3.7801792828415927e-06 1716.0 0.0015014453092589974 0.0006542905635553264 0.00048531780104562217 0.0004768015060108155 119.0 0.0007127139833755791 0.00020657993018980967 6.731297522340983e-05 0.0006004106253385544 43.0 0.00012129343604182257 2.0642413219904667e-05 3.9180832846005825e-05 3.988793881482239e-05 11.0
93030 136 7.776609339054926e-10 2.8587962962967535e-09 0.0009997186911224316 0.005674289153700188 1 1 3.3290685214066966e-05 2.9743019834471003e-05 45.37086917570284 1.3362760155737638e-05 1 290.9329012150149 14.508036367878084 0.0001343741261967372 -0.0013923571965058959 5.6118949318277566e-05 -9.779279822968457e-06 2260.0 0.00032018221099860966 0.0007232158887411997 0.0001099876073872317 5.049174797022715e-05 1113.0 -6.47146807750687e-05 -0.0003272352300483727 2.0163180503054442e-05 -9.604843216948211e-05 407.0 -2.2937976901016048e-05 -0.0004923678415534362 2.8673924046348327e-05 -9.264117288822245e-05 103.0
93031 137 7.272309943996897e-10 1.9405864197533968e-09 "" 0.0025098671150126464 "" 1 3.863254184921298e-05 2.3968265610463662e-05 -152.86834875511605 1.2922222726618427e-05 1 290.93330916300175 14.509198397550707 0.00018734014656588395 0.00027371312822412633 6.118261749463555e-05 -6.266201570257371e-07 2408.0 0.0029675127007067204 0.009524326256055935 0.0008620165699122636 0.0006511235260404646 1045.0 0.0009507334907539189 0.0013858217083852038 0.00023535899261107373 0.00043262101826258004 371.0 0.0001777942147917028 1.823455994691155e-05 7.690818027338737e-05 -2.3528647848378997e-05 93.0
93038 139 2.8961499345649816e-10 8.77700617284091e-10 "" 0.00536283542493473 "" 1 2.891786449581019e-05 1.275182475488336e-05 58.375508086843816 8.154766929096808e-06 1 290.93287130808613 14.509501761881861 0.011062350562914486 0.14298366141212368 0.0024903651194119573 8.211889429936358e-05 2140.0 0.0009621683857403696 0.0022663476727954085 0.00022507312793752085 0.0006052039097994566 415.0 0.0018360159592702985 0.002022348501446307 0.00011194962724832466 0.0016711336793377995 153.0 0.0006686780666288415 0.0007186657674598057 9.692983265211315e-05 0.0003105395322778889 41.0
93039 140 2.7773089619403784e-10 8.410493827161839e-10 "" 0.0009336660235292864 "" 1 2.641967652995622e-05 1.338487167842993e-05 91.97334075541505 7.985702555865732e-06 1 290.9330145855278 14.509510899711469 0.023189638391594825 0.20029190598607963 0.0042396829296481985 2.278963006177327e-06 2064.0 0.0005229728994891047 0.000963226618434742 0.00016845847907755483 0.00027657824102789164 397.0 0.0004680049605667591 0.0003733892127174778 6.366972522476654e-05 0.00032343302154913545 141.0 0.0003021368452697122 0.000369744997484505 8.099609257406537e-05 0.00020597160190229742 37.0
93041 141 6.043470683031319e-11 1.7939814814817683e-10 "" 0.002011073955587105 "" 1 1.150560185387332e-05 6.68797422487372e-06 172.96175994422754 3.72515409073876e-06 1 290.9329397723214 14.509507532368284 0.020598287859872787 0.1824088397511022 0.004044917521778814 0.00019385200854879015 1656.0 0.0011022724211215973 0.0007102158062079856 0.00013529307617190223 0.0008038721280172467 87.0 0.002965441206470132 0.0007112163511512413 5.6647415696328815e-05 0.002868449781090021 31.0 0.0033702197390229967 0.001479608302835131 0.0001189970051730196 0.0031105953503583654 9.0
93043 142 2.1460890532994046e-10 6.944444444445555e-10 "" 0.0019976087500050773 "" 1 2.2757910142024808e-05 1.2006954735388316e-05 70.10290021632133 7.0198026338259975e-06 1 290.9330284408556 14.509566907709987 0.024199201565654912 0.2904818748037925 0.005683166511967048 0.00012855413960012916 1968.0 0.0005174942780286074 -4.6235926149500014e-05 0.00018819616632744475 1.6797586795291863e-05 311.0 0.000970508495811373 0.0007470482344145733 7.066984725486929e-05 0.0008899461245164275 107.0 2.9455722036308067e-05 -9.512550356547503e-05 4.1436015286312913e-05 -8.080542907827552e-05 27.0
93045 143 1.2405828274309957e-09 4.1473765432105395e-09 "" 0.3913890199131796 "" 1 4.6482543224802326e-05 3.398234899927534e-05 54.43963781740715 1.6877725327553778e-05 0 290.9329641207147 14.509600689939967 0.00489604542139784 0.04421749397819391 0.000774692383992918 0.00010295134548489422 2616.0 0.01945541612803936 0.10974622828714771 0.004156355981098085 0.004761070478707552 1793.0 0.053818993270397186 0.15249097883330467 0.01110556168857092 0.0275108739733696 643.0 0.024199201565654912 0.15528671465185928 0.003245324332045791 0.01942367118252031 155.0
93046 144 9.192527974291916e-11 2.7391975308646356e-10 "" 0.012435558901001537 "" 1 1.4046711154846553e-05 8.332547931174245e-06 -141.62272709603135 4.594291132704711e-06 1 290.93294307770475 14.509560200803808 0.024199201565654912 0.22892710936481384 0.004822889797034165 0.000642020986743583 1720.0 0.0033035173546522856 0.0035969372554045032 0.0004008874787864638 0.0027614454738795757 135.0 0.012609780766069889 0.004478181043618551 0.00040837648541242234 0.011955914087593555 47.0 0.009443693207773636 0.005090913527416367 0.00031509373537147293 0.008912558037016695 11.0
93049 146 1.1599344526457008e-10 3.298611111111639e-10 "" 0.0139572326885337 "" 1 1.6794769525569543e-05 8.793806641994557e-06 48.0545198865053 5.160808643378737e-06 1 290.93291254765217 14.509581436069464 0.024199201565654912 0.2848509406464645 0.00559521875116571 0.0004299497409536632 1804.0 0.0039004257414489985 0.005299777412516223 0.00042031380003009974 0.0032394384033977985 167.0 0.011729838326573372 0.005235493990915307 0.00039118546031373836 0.011121964082121849 59.0 0.008211742987390667 0.006152002151528495 0.0006607667407299362 0.006958548733484152 17.0
93050 147 3.7144889915299596e-10 6.037808641976274e-10 0.02683880500773624 0.0011179394076258876 1 1 3.6485450873919655e-05 2.898465159100115e-05 3.3547312068340167 9.235290692683063e-06 1 290.9329755729618 14.509599569752604 0.008389356193519232 0.09325730583968679 0.0015132764369683322 0.00012875596485129173 2348.0 0.022265784442424774 0.11626114830326814 0.005871880865931879 0.008715378120541573 1201.0 0.053818993270397186 0.11878878063516378 0.010774524885416113 0.03498769551515579 431.0 0.024199201565654912 0.08987705038742952 0.007634496386230754 0.018364352761706074 111.0
93051 148 1.5375921299799186e-10 4.436728395062438e-10 "" 0.003090927971122261 "" 1 1.78188963231329e-05 1.0986967981068548e-05 -159.16858518442757 5.941848931547595e-06 1 290.93322247009354 14.509611761892248 0.0022261969802576244 0.006480013988225224 0.0002152400737937714 2.574524831249046e-05 1848.0 0.004617511760443449 0.008487165559214836 0.0004716078845742539 0.003868740750476718 225.0 0.0020360564813017845 0.0012322876530397775 0.00011273249466655571 0.0018716418417170644 83.0 6.634325990609018e-05 -1.9235654249185787e-05 3.4317191280013533e-05 -2.5343234918379008e-05 23.0
93052 149 1.4752372136303793e-10 4.3016975308648854e-10 "" 0.005328619550910101 "" 1 2.4696544549943432e-05 7.605769838956462e-06 60.29757693784844 5.820120303813495e-06 1 290.9331594241763 14.509633564789304 0.0022261969802576244 0.0035097028728161344 0.00024024234390788044 -8.370000399698879e-06 2020.0 0.006686188280582428 0.011347159107083137 0.0010201957893122724 0.005475475452840328 219.0 0.0038250740617513657 0.002011939235276368 0.0003064004832343336 0.0033833920024335384 75.0 0.00028287093397855786 0.00011628707724777164 8.144237554694555e-05 8.51786522504576e-05 21.0
93053 150 1.8472011229271337e-10 6.61651234568007e-10 "" 0.000978689754091758 "" 1 2.0762116785443365e-05 1.1328178058423551e-05 46.05285751816363 6.51265577344311e-06 1 290.93307089957756 14.509746276461474 0.00029674000039825053 -0.003461295988514135 0.00012918426700302563 -3.129217222952209e-05 1924.0 0.0024590385146439075 0.005039807988497995 0.0003162829076181448 0.0019712024368345737 265.0 0.0006921666208654642 0.0004159297205555841 7.331112546792306e-05 0.0005532751092687249 93.0 0.00019517281992969987 0.0001251680569181504 3.6635314681773936e-05 0.00012866925394238834 19.0
93057 153 3.5498534061655376e-10 9.529320987655845e-10 "" 0.0022037637770359487 "" 1 2.9397209263486012e-05 1.5375237300943128e-05 112.83081934145315 9.028305402547937e-06 1 290.93277883990504 14.510000880323018 0.00028635964161419745 0.004686981586611936 7.899739578884586e-05 3.6245901479703646e-05 2156.0 0.0035950064193457365 0.00989253267944836 0.0007367815805515319 0.001792518305592239 509.0 0.0008323725196532905 0.0009169997194661267 0.00013691628068536612 0.0006544579518958926 183.0 1.4769779543800685e-05 -8.962685653136062e-05 2.6880349930507317e-05 -3.5695989597343974e-05 45.0
93058 154 4.0635363200327437e-10 1.1284722222224028e-09 "" 0.0016530855922892596 "" 1 3.0874624353501316e-05 1.6757914717457743e-05 -164.99558970663014 9.659465709321152e-06 0 290.9330700205575 14.510045628231714 0.000327153552475258 0.005121889897119049 9.961041919792605e-05 4.6981852519916806e-05 2192.0 0.0022211051546037197 0.006761983547302776 0.0006423276458704794 0.0012420022394508123 579.0 0.0009315218194387853 0.0008745831272090568 0.0002530222461119162 0.0005466614966280758 213.0 4.7898113129512886e-05 -0.00014162231615929283 5.717604254187102e-05 -5.2329904957000144e-05 57.0
93059 155 2.0403689832157536e-09 5.268132716050225e-09 "" 0.006772481584721708 "" 1 7.965491005298221e-05 3.261472145499169e-05 67.36275296872103 2.164489027903006e-05 1 290.9330384787508 14.510163012628237 0.00027336737138978037 0.0037770017307251565 8.945734196701545e-05 2.2595780656888037e-05 3524.0 0.002610220806673169 0.016136753556231814 0.0006109480671977936 0.000503839342854917 2937.0 0.0009484444744884968 0.0032534784178534556 0.00017594305454560828 0.0003491721290629357 1059.0 0.00016336607872022464 -0.0008405668020323966 8.14598140756716e-05 -4.9263788777209346e-05 261.0
93063 159 8.911887865391619e-11 3.144290123457293e-10 "" 0.0003882866533238176 "" 1 1.368687032598726e-05 8.290544850055262e-06 46.397226517704404 4.523617638833614e-06 1 290.92995297276155 14.513889214560574 0.00014897150396902967 0.0001446058852858744 4.5202313037013064e-05 1.6639497433219574e-06 1732.0 "" "" "" "" "" 0.0004884367226622999 0.000163534602603581 4.3071100049075336e-05 0.00041924029937945306 49.0 0.00018430145451345332 2.991936253602591e-05 5.8235573554367866e-05 2.3019974893918852e-05 13.0
93064 160 8.930292329159398e-11 3.0478395061733267e-10 "" 0.0003483804944910297 "" 1 1.4817503553805972e-05 7.67375886105077e-06 -136.78683192657385 4.528286224151509e-06 1 290.92428236799276 14.515248418427992 0.0002846840556510585 -0.0004190086035340262 0.00010743739593520961 -4.04986077002024e-06 1760.0 "" "" "" "" "" 0.0004311035736463964 0.00014079399397645353 3.428439261596153e-05 0.0003759108076337725 47.0 3.924685912912109e-07 -2.8907784446514266e-05 2.161052104470029e-05 -5.580846906810443e-05 11.0
93065 161 1.1383115290985305e-09 5.839120370371304e-09 "" 0.02703613460576029 "" 1 4.1462292759093366e-05 3.49562899577244e-05 -156.64741747682024 1.6167080449742465e-05 1 290.9244288797238 14.51574797569615 0.0006429452264573525 -0.004272215118677534 0.00017433053024493812 -4.392045603135459e-05 2464.0 "" "" "" "" "" 0.004542304202914238 0.013087292184192847 0.0009534244661793563 0.0027826030272990465 589.0 0.002181708833639584 0.01021154692559323 0.0004354413155601669 0.0013064990315689907 149.0
